y_true,y_prob,lang
0,0.18667753,es
0,0.20702092,it
1,0.3097874,es
0,0.17106342,tr
0,0.13280234,tr
0,0.18581954,tr
0,0.3763926,es
0,0.121109694,tr
0,0.22354558,tr
0,0.23583396,es
0,0.19003141,it
0,0.14902201,tr
0,0.17951858,es
0,0.18376824,tr
0,0.26238656,es
0,0.17326055,tr
1,0.14097117,it
1,0.24734947,it
0,0.27625212,es
1,0.20875217,it
0,0.21589458,it
1,0.3338837,es
0,0.3236247,it
0,0.66965115,es
1,0.24491611,it
0,0.22707452,es
0,0.15572171,tr
0,0.2696183,es
0,0.27808514,es
0,0.18071052,es
0,0.17368634,tr
0,0.14828566,tr
0,0.2072042,es
1,0.24294384,tr
0,0.16225651,tr
1,0.17078793,it
0,0.30503848,es
0,0.13587496,it
0,0.21913095,es
1,0.23612355,es
0,0.17360568,it
0,0.1703747,es
0,0.2726217,it
0,0.16527289,tr
0,0.17707133,it
0,0.6516057,es
0,0.16956215,it
0,0.17313164,tr
0,0.21706197,tr
1,0.14833654,it
0,0.24895841,tr
0,0.18282953,es
0,0.38218585,tr
0,0.16832061,tr
0,0.18100423,tr
0,0.30497205,es
0,0.15604186,tr
1,0.95652527,tr
0,0.12745985,it
1,0.40529075,es
0,0.14413907,tr
0,0.11674939,it
0,0.13312155,it
0,0.13860452,tr
0,0.43049374,it
0,0.2959997,es
0,0.08538101,it
0,0.16230313,tr
0,0.17212301,tr
0,0.15943754,es
0,0.3347677,es
1,0.15351546,tr
0,0.16623752,it
1,0.22904444,es
0,0.1660249,tr
0,0.12677555,it
0,0.11406754,tr
0,0.32571536,es
0,0.19565487,tr
0,0.2279806,es
0,0.1912384,es
0,0.21062659,it
0,0.24607942,es
1,0.32036185,it
0,0.2622371,es
1,0.22142191,es
0,0.25035053,es
0,0.29988465,es
0,0.17463939,tr
0,0.32277596,es
0,0.17707819,tr
0,0.18415825,tr
0,0.21215047,es
0,0.122310184,tr
0,0.13428238,tr
0,0.24851836,tr
0,0.16201718,tr
0,0.2067047,tr
1,0.42047778,es
0,0.35641694,it
0,0.18446757,tr
0,0.1594834,tr
0,0.3873289,es
1,0.2334967,tr
0,0.50842583,es
0,0.17688426,it
0,0.2539117,es
0,0.12867488,tr
0,0.46277902,es
1,0.19516325,it
0,0.16331564,tr
0,0.24195921,it
0,0.3314806,es
0,0.13790105,it
0,0.16038924,tr
0,0.15974967,tr
1,0.2117839,es
0,0.19623375,it
0,0.21060932,it
1,0.17526534,it
0,0.5694099,es
0,0.16048434,tr
0,0.18666404,tr
0,0.15848964,tr
0,0.25480947,es
0,0.19831868,es
0,0.14082475,tr
0,0.14190942,tr
0,0.15876387,tr
0,0.29938552,es
0,0.15832733,tr
0,0.21777879,es
0,0.13528393,tr
0,0.054568235,tr
0,0.26630834,it
0,0.17109674,tr
0,0.18204948,tr
1,0.104476064,it
0,0.25015903,es
0,0.22839502,it
1,0.2603288,it
1,0.19411446,es
0,0.2296208,it
0,0.17871995,es
0,0.3170673,es
0,0.16972405,tr
0,0.17521715,tr
0,0.15742685,tr
0,0.18612288,it
0,0.085600525,it
1,0.5043559,it
0,0.42347535,es
0,0.08820772,it
0,0.23753057,es
0,0.20701939,it
1,0.28117552,es
0,0.22519845,es
1,0.17151059,tr
0,0.13153438,it
0,0.23708758,es
0,0.13359061,it
0,0.3132389,es
0,0.17307784,tr
0,0.104856774,tr
0,0.21450722,tr
0,0.18860483,it
0,0.13464653,tr
0,0.25153694,es
0,0.19783473,it
1,0.5814342,es
0,0.29426682,tr
0,0.1350861,tr
0,0.16931969,tr
0,0.15476291,tr
0,0.1459684,tr
0,0.49740323,es
0,0.24314818,tr
1,0.21020028,it
0,0.1718085,tr
0,0.14189439,tr
0,0.2167812,tr
0,0.1779694,it
0,0.16980706,tr
1,0.1361114,it
0,0.15798864,tr
1,0.9357258,es
0,0.20629735,it
0,0.3619874,es
0,0.3170813,tr
0,0.22003387,tr
0,0.24712509,it
1,0.22969735,it
0,0.4328559,es
0,0.15344141,tr
1,0.20399693,it
1,0.30264956,es
0,0.33808804,es
0,0.18115087,tr
0,0.19709334,it
0,0.20336539,it
0,0.14690614,tr
0,0.2564156,es
0,0.23900476,es
0,0.157137,it
0,0.14664738,es
0,0.19216402,tr
0,0.22748247,es
0,0.23961563,it
0,0.17241143,it
1,0.15062398,tr
0,0.16707642,tr
0,0.21788873,es
0,0.1393661,it
0,0.15778086,tr
0,0.10519514,es
0,0.21620373,tr
0,0.17838143,tr
0,0.22239661,it
1,0.1823149,it
0,0.16759905,it
0,0.17173804,tr
0,0.18531895,tr
0,0.1716655,it
0,0.14693242,tr
0,0.17617443,es
0,0.24804142,it
0,0.20099194,es
0,0.19356747,it
0,0.18284363,tr
0,0.1496265,tr
0,0.38559994,es
0,0.19719014,tr
0,0.17527425,it
0,0.16521738,es
0,0.17238998,it
0,0.32445037,es
0,0.30114645,es
0,0.14178814,es
0,0.29235432,tr
0,0.121560074,tr
0,0.2815863,es
0,0.15474623,it
0,0.31701973,es
0,0.17984751,tr
1,0.118240125,it
0,0.19546384,tr
0,0.25349575,tr
0,0.28605643,es
0,0.11913592,es
0,0.2229398,es
0,0.13668738,tr
0,0.13495637,tr
1,0.46422824,es
0,0.15545303,es
0,0.3060811,es
0,0.1876053,es
0,0.25403777,tr
1,0.1084434,tr
0,0.15018494,tr
1,0.32742774,it
0,0.25618836,es
0,0.16672337,es
0,0.38403514,it
0,0.17020199,it
0,0.14134108,es
0,0.13141425,it
0,0.2961249,es
0,0.20892826,tr
0,0.34285793,es
0,0.18819939,tr
0,0.16022336,it
0,0.16236793,it
0,0.14071329,es
0,0.26298577,es
0,0.17993745,tr
1,0.3366574,it
0,0.20533839,tr
0,0.5525384,es
0,0.14447808,es
0,0.31066293,es
0,0.13081528,tr
0,0.14584479,tr
1,0.2587172,it
0,0.27062505,it
0,0.2209484,it
0,0.20482737,it
0,0.50008273,es
0,0.28749922,es
0,0.15037358,tr
0,0.2320496,tr
0,0.15638207,it
1,0.2560413,tr
0,0.2470018,it
0,0.11335422,it
1,0.16049612,it
0,0.18462896,es
1,0.50330275,es
1,0.41403458,es
0,0.20371673,it
1,0.23240788,it
0,0.16699031,it
0,0.1900328,tr
0,0.16648112,it
0,0.2542312,it
0,0.30781785,tr
0,0.20538044,it
0,0.2076871,es
0,0.22664176,tr
0,0.15791884,tr
0,0.16669475,it
0,0.18017921,it
0,0.16595319,it
0,0.21847573,it
0,0.15604186,tr
0,0.3856481,it
0,0.287085,es
0,0.1791635,es
0,0.092340775,tr
0,0.24293905,tr
0,0.1770841,it
1,0.19853447,es
0,0.29523307,es
0,0.13430558,tr
0,0.18535352,it
0,0.23175964,es
0,0.49395368,es
1,0.2509978,it
0,0.34826994,it
0,0.14435808,es
0,0.15800266,tr
0,0.38446036,it
1,0.3276091,it
0,0.24419704,it
0,0.141341,es
1,0.15698592,it
1,0.83871,es
0,0.15974967,tr
0,0.24584019,es
0,0.22678156,tr
0,0.15854499,tr
0,0.2789909,it
0,0.26562452,tr
0,0.1876268,it
0,0.17094831,tr
0,0.3019654,es
1,0.13672248,tr
1,0.22906531,tr
0,0.16131844,tr
0,0.15743257,tr
0,0.2729541,it
1,0.3404938,es
0,0.11181526,tr
1,0.18765573,tr
1,0.18312891,it
0,0.18177028,tr
0,0.39282426,es
0,0.14262459,it
1,0.20208363,it
0,0.40293524,es
0,0.22002946,es
0,0.14278767,tr
0,0.14775299,tr
1,0.18717088,tr
0,0.23560631,tr
0,0.115557194,tr
0,0.24214663,tr
0,0.15754408,es
0,0.20422423,es
0,0.18918931,tr
0,0.1736948,es
1,0.28176385,it
0,0.24229145,tr
0,0.27689692,it
0,0.19093911,es
0,0.25862768,it
0,0.10703646,it
0,0.17099464,tr
1,0.20686473,tr
0,0.23626655,tr
1,0.17482975,it
1,0.6862517,es
0,0.20604673,es
0,0.14704673,tr
0,0.40231866,es
0,0.3316506,es
1,0.18695626,it
0,0.1861153,es
0,0.17056023,tr
0,0.14917924,tr
0,0.33207878,es
1,0.1182407,it
0,0.08848854,tr
0,0.1404746,it
0,0.16469091,tr
0,0.25286448,es
0,0.56709045,es
0,0.10333481,it
0,0.13566859,tr
0,0.14416897,it
0,0.19156666,es
1,0.22863273,it
1,0.25463533,es
0,0.22661874,tr
0,0.21494366,it
0,0.18404247,it
0,0.20176879,it
0,0.25875765,it
0,0.22114192,it
0,0.18944122,es
0,0.16285518,tr
1,0.17880361,it
0,0.20375302,es
0,0.29316536,tr
0,0.18404956,es
0,0.11687202,it
0,0.15790895,tr
0,0.23471214,es
1,0.18382595,it
0,0.13897476,it
0,0.26908368,it
1,0.42692512,es
0,0.20984912,it
0,0.17852873,it
0,0.8905348,es
0,0.160021,tr
1,0.28098077,tr
0,0.4356751,es
0,0.43159163,es
1,0.21151724,tr
0,0.18174142,tr
0,0.2416894,es
0,0.13160251,tr
1,0.31134334,it
0,0.19325653,es
0,0.15671383,tr
0,0.26555306,it
0,0.27450466,it
0,0.09998321,tr
0,0.1433083,tr
0,0.15998913,tr
0,0.17744428,it
0,0.21804686,tr
0,0.1738432,tr
0,0.20496593,es
0,0.31174585,es
0,0.48406968,es
1,0.34132934,it
1,0.32316306,it
0,0.15092866,tr
0,0.15153833,tr
0,0.20670825,es
0,0.17302763,tr
0,0.1651165,tr
0,0.12185764,tr
0,0.32084844,es
0,0.14374457,tr
0,0.22876342,tr
0,0.22325508,es
0,0.21053511,it
0,0.3381727,es
0,0.16123855,tr
0,0.1944282,tr
0,0.14238963,tr
0,0.27788216,es
0,0.17738937,it
0,0.18978004,es
0,0.25580472,es
0,0.420278,it
0,0.2090195,tr
0,0.19086097,it
0,0.10760653,es
1,0.24203919,es
0,0.22829412,it
0,0.1638543,tr
0,0.18050578,tr
0,0.22629471,tr
0,0.31154755,it
0,0.18571511,es
0,0.23088169,it
0,0.19160657,tr
0,0.16710387,es
0,0.1712193,tr
0,0.26657206,es
1,0.2436223,es
1,0.26059303,it
1,0.16500919,tr
0,0.1584983,it
1,0.12222264,tr
0,0.38297638,it
1,0.21796906,it
1,0.22177595,tr
0,0.10500032,it
0,0.14942381,es
0,0.17891012,es
0,0.13824426,it
1,0.23474598,it
0,0.15080297,tr
0,0.19026318,tr
1,0.173453,it
0,0.33325607,it
0,0.19538489,it
0,0.3177742,es
0,0.41881743,es
1,0.14495839,it
0,0.19170475,es
0,0.18484919,tr
0,0.19119313,tr
0,0.33064228,es
0,0.20228446,es
1,0.23460223,it
0,0.2725924,es
0,0.113819994,it
1,0.25490314,it
0,0.35375217,es
0,0.1799665,tr
1,0.21095361,it
0,0.15804973,it
1,0.12531237,tr
0,0.24728924,it
0,0.29342926,es
0,0.20410056,es
0,0.15838316,tr
0,0.17276011,tr
0,0.32086074,es
0,0.2760016,it
0,0.20627068,it
0,0.16964449,tr
0,0.20517045,tr
0,0.1971611,it
0,0.1902849,it
0,0.080748096,tr
0,0.17674114,tr
0,0.08134217,es
0,0.18377309,tr
0,0.46350172,es
0,0.1684372,tr
0,0.15909652,tr
0,0.13326791,it
1,0.5843819,es
0,0.20317641,es
0,0.5355991,it
1,0.38782936,es
0,0.11693721,it
0,0.2480267,tr
0,0.38200295,es
0,0.13947687,tr
0,0.13257465,it
0,0.17571707,tr
0,0.31761053,es
0,0.12377635,tr
0,0.16146976,tr
0,0.14487897,es
0,0.14800595,tr
0,0.42100534,es
0,0.23025693,tr
0,0.1350861,tr
1,0.2559739,es
0,0.22525138,es
0,0.12580353,it
0,0.21605602,it
0,0.3738261,it
0,0.36342683,es
0,0.21161543,it
1,0.30850604,es
0,0.15204069,es
0,0.16687065,tr
0,0.15097824,tr
1,0.24445237,es
0,0.15293828,tr
0,0.23613918,es
0,0.16955855,es
0,0.13023704,tr
1,0.19583909,it
0,0.21358258,it
0,0.16361225,it
0,0.2654548,tr
0,0.10013461,tr
0,0.15857163,tr
0,0.18207502,tr
0,0.42007655,tr
0,0.15155537,tr
0,0.21048592,es
1,0.5886498,es
0,0.11147794,es
0,0.31645212,tr
0,0.21001224,es
1,0.23986685,it
0,0.14066689,it
0,0.11839784,es
0,0.17006671,tr
0,0.32464233,es
0,0.38182268,es
0,0.6229548,es
0,0.2582594,it
1,0.5358753,es
0,0.15760908,tr
0,0.15779346,tr
0,0.23732486,it
0,0.1496566,tr
1,0.4281793,es
0,0.34787998,it
1,0.2342146,it
0,0.25225425,tr
0,0.16262291,es
1,0.17563751,es
0,0.20890723,tr
0,0.1472492,it
0,0.24136622,tr
0,0.14903732,es
0,0.16475241,it
0,0.39896134,it
0,0.20903005,it
0,0.22546104,es
1,0.38259122,es
0,0.24242474,es
0,0.18785745,tr
0,0.24359,tr
0,0.15500721,tr
0,0.19119565,es
0,0.08888043,tr
0,0.22695105,it
0,0.19748643,tr
0,0.094537266,tr
0,0.14369147,tr
0,0.1877166,tr
0,0.091059595,tr
1,0.27793643,tr
0,0.17363262,tr
0,0.2944968,tr
0,0.17020081,it
1,0.159911,it
1,0.33023098,es
0,0.2881354,es
1,0.16321653,it
0,0.3671539,es
0,0.1525393,it
0,0.24464138,tr
0,0.29512805,it
0,0.22348769,es
1,0.25932968,es
0,0.16140123,tr
0,0.18528846,tr
0,0.15527597,tr
0,0.20420557,tr
0,0.32504725,tr
0,0.4230248,es
0,0.5807786,es
0,0.16899699,tr
0,0.43720052,es
0,0.67413867,es
0,0.15204613,tr
0,0.12946598,tr
0,0.27224597,es
0,0.2560941,es
1,0.15860121,it
0,0.12119668,tr
0,0.15883197,es
1,0.3029842,es
0,0.13880804,it
0,0.26248297,es
0,0.22479522,it
0,0.29555535,es
0,0.2159486,it
0,0.15722184,tr
0,0.11235409,es
1,0.20466411,tr
0,0.14816388,it
0,0.15263012,it
0,0.24204831,es
1,0.19153835,tr
1,0.18252316,tr
0,0.20944569,it
0,0.25483268,it
0,0.19702342,es
0,0.16951692,it
0,0.2765942,it
0,0.19363907,it
0,0.20689093,tr
0,0.2253492,it
1,0.20572072,it
0,0.4962514,es
0,0.1912338,it
0,0.20855285,it
0,0.24452463,tr
0,0.16615337,es
0,0.12845811,tr
0,0.15732585,it
0,0.18025482,it
0,0.37741104,es
1,0.19091141,it
0,0.19204926,it
0,0.14950521,tr
0,0.38259807,es
0,0.18474433,it
0,0.12959751,tr
0,0.12745653,it
0,0.13141096,es
0,0.27442136,es
1,0.20946561,tr
0,0.1257176,tr
0,0.085524924,it
0,0.124454804,tr
1,0.13954793,tr
1,0.28234702,it
0,0.15800165,it
0,0.22664633,it
1,0.22915149,es
1,0.22181483,it
0,0.20580776,es
1,0.2566064,it
0,0.16483566,tr
0,0.8762773,es
0,0.122261815,it
0,0.6929801,es
0,0.13750795,it
0,0.15427625,tr
0,0.18744966,tr
0,0.34415773,it
0,0.21938492,tr
0,0.12271216,it
0,0.22857791,tr
0,0.6466267,it
1,0.16288818,es
0,0.17304066,es
0,0.24976556,it
0,0.20363593,tr
0,0.2312835,es
0,0.2839426,es
0,0.2065856,tr
0,0.15952076,it
0,0.1557826,tr
0,0.14686559,tr
0,0.22474372,es
0,0.1686599,tr
0,0.19125186,tr
0,0.18963893,it
0,0.19669001,es
0,0.109797925,tr
0,0.22198637,es
0,0.21852164,it
0,0.30474493,it
0,0.19508804,tr
1,0.22030826,it
0,0.1851813,it
1,0.46841326,it
0,0.219225,it
0,0.13481377,tr
0,0.30115864,es
0,0.15430206,tr
0,0.15748036,tr
0,0.18273456,es
0,0.14899711,tr
1,0.1654647,tr
0,0.19737321,tr
0,0.11651023,tr
0,0.43395272,es
0,0.31449232,es
0,0.15171602,tr
1,0.12105647,it
0,0.35330415,es
0,0.2952573,es
0,0.27226353,es
0,0.18501599,es
1,0.49731064,it
0,0.13024926,tr
0,0.14183177,tr
0,0.27077094,es
1,0.15893081,it
0,0.17002465,es
0,0.12880667,it
0,0.29541522,es
1,0.22717944,it
0,0.24187432,es
0,0.26409832,it
0,0.13805419,it
1,0.30739155,tr
0,0.15782784,tr
0,0.16412686,es
0,0.16070054,tr
0,0.2019986,it
1,0.16053009,es
0,0.20249116,es
0,0.3299314,es
0,0.36123398,es
0,0.14631361,tr
0,0.23981655,es
0,0.16571328,it
0,0.19339132,tr
0,0.1792184,es
0,0.15697666,tr
0,0.15441287,tr
0,0.20669425,tr
0,0.2179208,tr
0,0.19791707,tr
0,0.21515858,it
0,0.15928757,es
0,0.27459487,es
0,0.18466388,tr
1,0.21341503,tr
0,0.17980272,es
1,0.40482813,es
0,0.32180852,it
0,0.19003111,tr
0,0.50964737,es
1,0.3038942,it
0,0.18304661,it
0,0.130732,tr
0,0.11127025,tr
0,0.27833718,es
0,0.5343858,es
0,0.17192574,es
0,0.20907377,es
0,0.22541286,es
0,0.21103157,it
1,0.2697558,es
1,0.16391404,it
0,0.22032252,it
1,0.18377773,it
0,0.10758887,it
0,0.19440106,tr
0,0.10193043,it
1,0.13384677,tr
0,0.14294484,es
0,0.13731562,it
0,0.18836297,tr
0,0.19134185,it
1,0.21712779,es
0,0.23032801,tr
0,0.6202066,it
0,0.1281443,it
0,0.11882919,es
0,0.23597969,es
0,0.2111916,es
1,0.17669898,tr
0,0.32178855,es
0,0.13612,tr
0,0.17361298,tr
1,0.18678422,tr
0,0.20510381,it
0,0.15661891,es
0,0.33242446,es
0,0.1597585,tr
0,0.13408108,es
0,0.2676692,tr
1,0.1838641,it
0,0.404734,it
1,0.24491742,tr
0,0.2780512,es
0,0.15406398,tr
0,0.36370996,es
0,0.3904365,es
0,0.23694529,it
0,0.1693383,tr
0,0.14875394,tr
1,0.11015208,it
0,0.18175417,es
0,0.18585782,it
0,0.29946315,es
0,0.16007909,tr
0,0.14465107,it
0,0.18122296,tr
1,0.41624358,es
0,0.24852172,tr
1,0.14264686,it
0,0.19538298,es
0,0.15424891,tr
0,0.21843892,tr
0,0.18238665,tr
0,0.2620203,tr
0,0.09809125,tr
0,0.11799788,tr
0,0.18263867,tr
0,0.12599432,it
0,0.14509372,tr
0,0.20489024,tr
0,0.33335128,es
0,0.31473556,es
1,0.26524213,es
0,0.18100537,tr
0,0.15437359,tr
1,0.51441056,es
1,0.12681717,it
0,0.15254405,tr
1,0.32606012,es
0,0.24330732,it
0,0.10968148,it
0,0.22379631,es
0,0.36520112,es
1,0.28552064,es
0,0.19970518,tr
0,0.19336092,tr
0,0.21379274,it
1,0.13730186,tr
1,0.8110066,it
0,0.18136701,tr
0,0.254933,it
0,0.19346765,es
0,0.16125262,tr
1,0.2737178,it
0,0.22964574,it
0,0.2590702,es
0,0.17923686,it
1,0.15088387,es
1,0.29039752,tr
0,0.13015644,tr
0,0.30623293,es
0,0.19958799,it
0,0.31891513,es
0,0.19241093,tr
0,0.4434856,es
0,0.30837634,es
1,0.15759782,tr
0,0.29390427,es
0,0.4879534,it
0,0.18818526,it
0,0.15381442,it
0,0.58874595,es
0,0.15441759,es
0,0.21743168,es
0,0.17857414,it
0,0.18415356,tr
0,0.85041684,es
0,0.22793488,tr
0,0.31815934,es
0,0.15429178,tr
0,0.17577052,es
0,0.34301963,es
0,0.09795708,tr
0,0.3104996,es
1,0.3542159,it
0,0.20229529,it
1,0.18183154,tr
0,0.22232819,it
0,0.25902313,es
1,0.5045012,es
0,0.21900477,it
0,0.23384953,it
1,0.17903396,it
0,0.24391723,es
0,0.099233575,tr
0,0.17459409,it
0,0.22139125,tr
0,0.1484284,it
0,0.24301423,tr
0,0.23250641,it
0,0.14177723,it
0,0.18303165,it
0,0.13243553,it
0,0.18205337,es
0,0.6374547,es
1,0.49154022,es
0,0.27865306,es
0,0.19904017,tr
0,0.16734642,it
0,0.13107061,tr
0,0.23290572,it
0,0.25795418,it
0,0.2373254,tr
1,0.17545784,tr
1,0.22467808,tr
1,0.2954784,es
0,0.13850346,tr
0,0.31387272,es
0,0.12490238,tr
1,0.41981864,es
0,0.12694958,it
0,0.73909533,it
0,0.19860886,es
0,0.16508937,tr
0,0.21836446,it
0,0.16711383,tr
0,0.08492561,tr
1,0.27587715,it
0,0.30808857,es
0,0.24955985,es
0,0.25459057,it
0,0.24371214,es
0,0.2360054,es
1,0.36789137,es
0,0.10872552,es
0,0.1364422,tr
0,0.17847033,tr
0,0.10603397,it
0,0.13520703,tr
1,0.58581716,it
0,0.17903428,tr
0,0.2879265,it
1,0.17465961,tr
1,0.43054146,es
0,0.15328208,tr
0,0.14717457,tr
0,0.14914621,tr
1,0.2537346,it
0,0.19781564,tr
1,0.32745957,es
0,0.11902038,it
0,0.16418639,tr
0,0.1879787,tr
0,0.16012673,it
0,0.31051493,it
0,0.16644496,tr
0,0.23084794,tr
0,0.20914991,it
0,0.15209264,it
0,0.24857597,es
0,0.15528797,tr
1,0.1722087,tr
1,0.2157936,es
0,0.20971973,tr
0,0.18538144,tr
0,0.25838587,it
1,0.15088646,it
0,0.18351862,es
0,0.19133401,it
1,0.14678416,it
0,0.24754389,es
0,0.16940963,tr
0,0.2716995,it
0,0.15453343,it
0,0.110587165,tr
0,0.33145022,it
0,0.26453304,it
0,0.28458196,it
0,0.111550376,tr
0,0.20962192,it
0,0.15276387,tr
0,0.19901332,es
0,0.15661177,tr
0,0.16193958,tr
0,0.18671957,tr
0,0.2059648,it
0,0.15040591,tr
0,0.2257413,it
0,0.2154837,tr
0,0.16785182,it
0,0.16524842,tr
0,0.11188042,tr
0,0.14735112,tr
0,0.24144796,it
0,0.37402743,es
0,0.19908464,es
0,0.15175247,tr
0,0.15788922,it
0,0.18817277,tr
0,0.61534834,it
0,0.2800683,it
0,0.13262685,tr
0,0.16454859,tr
0,0.19509019,es
0,0.23273435,tr
0,0.31100214,tr
0,0.16523567,it
0,0.25761303,es
0,0.13978676,tr
0,0.24377155,es
0,0.21227962,it
0,0.15115616,tr
0,0.23833203,tr
0,0.20392023,tr
0,0.18145087,es
0,0.10265664,es
0,0.16523567,it
0,0.12800208,tr
0,0.16115624,it
0,0.25111315,it
0,0.13966154,tr
0,0.13359237,es
1,0.14765367,es
0,0.23674485,es
1,0.19027169,it
0,0.20644261,tr
0,0.13201672,tr
0,0.17056492,it
0,0.17983085,tr
0,0.41399285,es
0,0.20210762,it
0,0.17549792,it
1,0.11874384,tr
0,0.17604595,tr
0,0.17156532,tr
0,0.19317321,it
0,0.19390963,es
1,0.18091655,tr
0,0.22553143,tr
0,0.2000724,tr
0,0.17361298,tr
0,0.15808566,it
0,0.18361673,es
0,0.30171156,tr
0,0.50695825,es
0,0.10470462,it
0,0.19090869,tr
0,0.17169885,es
0,0.1942919,tr
0,0.14560637,tr
0,0.19233476,tr
0,0.23429999,it
0,0.18252268,tr
0,0.13924806,tr
1,0.18366031,tr
0,0.20368941,es
1,0.23590593,es
0,0.24153239,tr
0,0.23784693,it
0,0.23919097,es
0,0.22565721,it
0,0.14780873,it
0,0.21688037,it
0,0.23608714,it
0,0.2403059,es
0,0.21131636,es
0,0.16952536,es
0,0.2683398,it
0,0.20992303,es
0,0.15896587,tr
0,0.16709843,tr
0,0.25609365,es
1,0.18173093,tr
0,0.16995417,es
0,0.35439005,es
0,0.17751978,tr
1,0.25217482,tr
0,0.24713454,it
0,0.31299198,it
0,0.15879881,es
0,0.098791346,tr
0,0.20160262,tr
0,0.2552173,es
0,0.12042583,it
0,0.21155809,it
0,0.073081695,es
1,0.25770178,tr
0,0.21962547,tr
0,0.1260133,it
0,0.18537836,tr
0,0.15899195,tr
0,0.16771111,tr
0,0.16010374,es
0,0.16318288,it
0,0.2194524,es
0,0.35721296,it
0,0.15705676,tr
0,0.23310831,es
0,0.1541367,tr
0,0.18341383,it
0,0.14620462,it
0,0.16523567,it
0,0.15543361,it
0,0.18132758,tr
0,0.16378754,it
0,0.20753796,it
1,0.2685834,it
0,0.18236774,tr
0,0.22624898,it
0,0.15864603,es
1,0.3833694,es
0,0.19078818,it
1,0.27815637,tr
0,0.23998356,es
0,0.18829028,es
1,0.37119973,it
0,0.25739884,tr
0,0.26073012,es
0,0.15863784,tr
1,0.39894414,es
1,0.17188005,it
0,0.16591851,tr
0,0.15170294,tr
1,0.32984358,es
0,0.20722526,es
0,0.19344833,tr
0,0.30606315,es
0,0.073046595,tr
0,0.16434683,tr
1,0.15589036,it
0,0.33725923,es
0,0.4666845,it
0,0.25991228,es
0,0.14401615,tr
0,0.22436734,es
1,0.49768394,es
1,0.12109054,tr
0,0.2284712,tr
0,0.18520936,it
0,0.20369756,es
1,0.38770548,it
1,0.6865527,es
0,0.3088644,es
0,0.26718196,it
0,0.21552376,tr
0,0.2280646,es
0,0.15888514,tr
0,0.26217908,es
1,0.2749858,es
0,0.16511713,it
0,0.7295163,es
0,0.20351233,it
0,0.21836708,es
0,0.39295107,es
0,0.26485857,es
0,0.13738483,it
0,0.18824162,es
0,0.19202535,it
0,0.1558082,tr
0,0.1630824,tr
0,0.17017908,tr
0,0.14940132,it
0,0.17263643,tr
0,0.23453543,it
0,0.17599154,it
0,0.30365857,es
0,0.19268937,es
1,0.16494603,it
0,0.15217593,tr
0,0.13742511,it
0,0.21295886,it
0,0.20779602,tr
0,0.13478857,it
0,0.28981295,tr
0,0.19933367,es
0,0.15846907,tr
0,0.22250232,tr
0,0.16325982,tr
0,0.18003957,es
1,0.19578923,es
0,0.1364861,it
0,0.47137117,it
0,0.39338374,es
1,0.2833416,es
0,0.24264409,it
0,0.2194167,tr
0,0.17854269,es
1,0.3338099,es
0,0.30741864,it
0,0.11978009,tr
1,0.21529907,tr
0,0.33631587,it
0,0.10725514,tr
0,0.36849898,es
0,0.26023424,it
1,0.12408079,tr
0,0.30917978,it
0,0.4001267,es
0,0.16292346,it
0,0.23688054,es
0,0.3227713,es
0,0.20359476,tr
1,0.2028283,tr
0,0.17805411,tr
0,0.15935017,tr
0,0.14170916,tr
1,0.13560866,it
0,0.13958988,tr
1,0.1388917,es
1,0.18132167,it
0,0.16107707,it
1,0.41052043,es
0,0.30699578,es
0,0.24450578,it
0,0.1655325,tr
0,0.14941922,tr
0,0.09941803,es
0,0.7577329,es
0,0.1293039,tr
0,0.13130407,it
0,0.24549726,es
0,0.5047237,es
0,0.19076753,tr
0,0.16830899,tr
0,0.12109252,es
0,0.18755293,it
0,0.30588904,es
0,0.2139698,it
0,0.1643555,it
0,0.70892906,it
0,0.20160438,es
1,0.3809113,it
0,0.19129296,tr
0,0.24630146,it
0,0.14912602,tr
0,0.2967301,es
0,0.21253856,it
1,0.53102684,es
0,0.2645843,it
0,0.26992184,es
0,0.1555311,tr
0,0.28964564,es
1,0.1921712,tr
0,0.156299,it
0,0.1978069,it
0,0.22714052,tr
0,0.22755437,es
1,0.22026214,it
0,0.09275761,it
0,0.19203511,es
0,0.1407093,tr
0,0.18640608,es
0,0.1562566,tr
1,0.3018733,es
0,0.13906662,tr
0,0.22429375,es
1,0.25064912,tr
0,0.15470423,it
0,0.15149346,tr
1,0.29486182,es
0,0.1538509,it
0,0.24438366,it
0,0.17865227,it
0,0.1453231,tr
0,0.23406227,tr
0,0.15772998,it
0,0.18286051,tr
0,0.13131995,it
0,0.19182965,tr
0,0.18531293,tr
0,0.16071592,tr
0,0.6982074,es
0,0.21583451,es
0,0.21000206,tr
0,0.20113188,es
1,0.10394103,tr
0,0.1649303,tr
1,0.16947904,tr
0,0.15617238,it
0,0.21061738,tr
0,0.16351926,it
0,0.28289354,es
0,0.18328175,tr
1,0.1608597,tr
0,0.14708264,tr
0,0.16739094,it
0,0.3920641,es
0,0.30770037,es
0,0.26948056,it
0,0.18216577,es
0,0.23191616,it
0,0.30610543,es
0,0.09068571,tr
0,0.1691961,tr
0,0.16831814,tr
0,0.1725511,it
0,0.12385794,es
0,0.23369253,it
1,0.19218265,it
0,0.1607624,tr
0,0.2705018,tr
0,0.16866864,it
0,0.14593153,es
0,0.20418385,it
0,0.35285047,es
0,0.24156031,it
1,0.3823344,it
0,0.3160212,it
0,0.48032457,it
1,0.17246822,es
0,0.16817395,tr
0,0.18093005,tr
1,0.33833203,it
0,0.14739124,it
0,0.34546068,es
0,0.15003264,tr
0,0.1620534,tr
0,0.21514563,it
0,0.19887751,tr
0,0.16234334,it
0,0.16188031,tr
0,0.59440255,it
0,0.20731995,tr
0,0.1949671,tr
1,0.29559317,es
0,0.16385895,it
1,0.2978746,es
0,0.22536999,it
0,0.2194061,es
0,0.21255726,tr
0,0.50593096,es
0,0.3160839,es
0,0.18151872,it
1,0.18670914,tr
0,0.3021648,es
0,0.26031408,es
0,0.22702686,it
0,0.16429202,tr
1,0.26741612,es
1,0.17321745,es
0,0.21381755,it
0,0.122269526,tr
1,0.19662042,it
0,0.15294994,it
0,0.24864902,it
1,0.39738485,es
0,0.4151968,es
0,0.26786807,es
0,0.35948488,es
1,0.17721455,it
0,0.21673504,it
0,0.2358782,es
0,0.12151514,tr
0,0.16205788,tr
0,0.14869355,tr
1,0.26665547,es
1,0.13022618,it
0,0.16631415,tr
1,0.24220096,it
0,0.16550557,es
0,0.29519737,es
0,0.19795026,tr
0,0.22659592,tr
0,0.17532732,tr
0,0.40183872,es
0,0.22233029,it
1,0.22513066,it
0,0.43258843,es
1,0.18600658,es
1,0.25927725,es
0,0.17148171,tr
0,0.21998161,tr
0,0.29982173,es
0,0.2469751,es
0,0.16875319,tr
0,0.24543098,it
0,0.16072507,it
0,0.1793429,es
0,0.1977512,it
0,0.16734469,it
0,0.1936914,tr
1,0.19054738,es
0,0.18665186,tr
0,0.30120555,tr
0,0.32161528,es
0,0.27950802,es
0,0.20896523,it
0,0.21045484,tr
0,0.39988658,es
0,0.5898785,es
0,0.23416027,it
0,0.16954948,tr
0,0.17187731,tr
0,0.23350213,it
0,0.12452057,tr
0,0.16049784,tr
0,0.28980392,it
1,0.65215826,it
0,0.13455814,tr
0,0.26053372,it
0,0.14519194,tr
0,0.645288,es
1,0.19551566,es
0,0.49085772,es
0,0.112943836,tr
1,0.22072248,es
0,0.19081621,es
0,0.16158836,it
1,0.21538576,it
0,0.14683777,tr
0,0.29270214,tr
0,0.32645863,it
0,0.15359223,es
0,0.11270401,it
0,0.19433045,tr
0,0.16377454,it
0,0.17080544,tr
0,0.14013058,tr
0,0.1733368,tr
0,0.1643391,tr
0,0.23563902,it
0,0.19524729,tr
0,0.14360824,tr
0,0.3054009,es
1,0.22027552,es
0,0.14728858,tr
0,0.1419604,tr
1,0.182355,it
0,0.31889918,es
0,0.34233353,es
1,0.1841532,es
0,0.087841935,it
1,0.23107179,it
0,0.14908232,es
0,0.25066572,es
0,0.21036245,es
1,0.5470798,it
0,0.15990569,tr
0,0.17666392,es
1,0.13006666,tr
0,0.17765214,es
0,0.39645016,it
0,0.15771449,tr
0,0.2469557,it
0,0.28722173,es
0,0.16804983,tr
0,0.6258333,es
0,0.2493316,es
0,0.18323363,tr
1,0.17332534,tr
0,0.19812316,it
0,0.27970734,es
0,0.26602548,es
0,0.12689556,it
1,0.12798592,it
1,0.20320038,tr
0,0.15647107,tr
0,0.4020257,es
0,0.31199783,es
0,0.17592849,es
0,0.16523567,it
0,0.3237066,it
0,0.17185077,tr
0,0.18003516,tr
0,0.49937326,it
0,0.17349975,it
0,0.18193664,tr
0,0.1598211,tr
0,0.216494,tr
0,0.122056484,it
0,0.2602882,es
0,0.14060627,tr
0,0.20022336,es
0,0.17875423,tr
1,0.62640256,es
1,0.11246726,tr
0,0.24561284,tr
0,0.17872195,it
0,0.24021977,es
0,0.33479923,it
1,0.20044795,es
1,0.18126354,it
0,0.16591465,tr
0,0.1350861,tr
1,0.13817723,it
0,0.18516232,tr
0,0.3843898,es
1,0.14178357,tr
0,0.15243404,it
0,0.24258307,tr
0,0.17161402,tr
0,0.34097815,es
0,0.20907839,it
0,0.21186072,es
0,0.15331744,es
1,0.3053827,it
0,0.2974331,es
0,0.1910134,es
0,0.27893338,es
0,0.17346631,tr
0,0.1937666,tr
0,0.2884317,es
0,0.30782315,es
0,0.17893368,tr
0,0.15804516,it
0,0.18084352,tr
0,0.41124538,es
1,0.42550448,it
1,0.49082652,es
0,0.19103284,it
0,0.12220391,it
0,0.17608143,es
0,0.25911224,es
0,0.26247883,it
0,0.12796642,it
0,0.23626858,tr
0,0.27658218,it
0,0.48621422,es
0,0.33738944,es
0,0.47697374,es
0,0.20743239,es
0,0.5558897,es
0,0.1510405,it
0,0.37929115,it
0,0.224218,es
0,0.21561508,es
0,0.35118562,es
1,0.20532599,it
1,0.21265955,tr
0,0.17932498,es
1,0.5351638,es
0,0.26493382,tr
0,0.14379194,it
0,0.093926065,tr
0,0.26776093,it
0,0.1892486,es
0,0.2702795,tr
0,0.19358137,tr
0,0.38426828,es
0,0.34796637,es
0,0.16169433,tr
0,0.866362,es
0,0.14207062,tr
0,0.19986574,it
1,0.23320998,tr
1,0.58285904,es
0,0.27292225,es
0,0.24067584,es
0,0.16171867,tr
0,0.24029048,es
0,0.18441613,it
0,0.42064428,es
1,0.33359718,es
0,0.13134345,it
0,0.1796329,tr
0,0.17560662,tr
0,0.16473344,tr
0,0.33082142,tr
0,0.20974924,tr
0,0.16545741,it
0,0.15675132,es
0,0.09857971,it
1,0.14206092,it
0,0.15852721,it
0,0.24110633,it
1,0.3848682,tr
0,0.284044,es
0,0.1850622,tr
0,0.12173386,tr
1,0.16025557,it
0,0.17002355,tr
0,0.094013624,es
0,0.20027404,tr
0,0.17007948,es
1,0.13579401,tr
0,0.7752608,es
0,0.16010714,tr
0,0.23781307,it
0,0.21136725,it
0,0.0973,it
0,0.14377321,tr
1,0.20542884,it
0,0.21588351,es
1,0.23711777,tr
0,0.20907848,es
0,0.38040468,es
0,0.18552187,tr
0,0.14188051,it
0,0.27412894,es
1,0.25159016,tr
0,0.13450664,it
0,0.18972537,it
0,0.19857733,it
0,0.16154501,tr
0,0.14763601,tr
0,0.28605816,es
0,0.11206993,it
0,0.26888818,es
0,0.194721,es
0,0.15830933,it
0,0.47068113,es
0,0.21741661,es
0,0.29137287,es
0,0.1821126,tr
0,0.15971377,it
0,0.3020558,tr
0,0.16445337,it
0,0.17059305,tr
0,0.14760442,tr
0,0.1472784,it
0,0.42445695,es
0,0.663087,es
0,0.20449936,es
0,0.14294313,tr
0,0.1716369,tr
0,0.514079,it
0,0.3275033,es
0,0.26903033,it
0,0.5003217,it
0,0.2745885,es
0,0.13038939,es
0,0.56121564,es
0,0.2124948,tr
0,0.18933716,es
0,0.16188703,tr
0,0.23510215,es
0,0.18170649,es
0,0.16787237,tr
0,0.21190435,it
0,0.13752279,tr
0,0.37430194,es
0,0.108943224,tr
0,0.16164523,tr
0,0.17223483,it
0,0.15746288,it
0,0.2292896,it
0,0.13161711,tr
0,0.21747747,it
1,0.45174378,es
0,0.28806508,es
1,0.28117463,it
0,0.22593644,it
0,0.34430754,es
0,0.12039059,tr
0,0.23661533,es
1,0.14143339,it
0,0.23885417,it
0,0.37329257,es
0,0.16616344,it
0,0.15828323,tr
0,0.14687048,es
0,0.26147574,es
0,0.11860276,it
0,0.62115616,es
1,0.27237558,es
0,0.17673592,tr
1,0.5233584,es
0,0.15147048,it
0,0.19505526,it
0,0.2533185,it
1,0.19549385,tr
0,0.1009781,tr
0,0.16514456,it
0,0.20725906,es
0,0.34938315,it
0,0.14677963,tr
1,0.29294023,it
0,0.21120095,es
0,0.5495992,es
1,0.23354681,it
0,0.22215796,es
0,0.24678183,it
0,0.20705062,tr
0,0.17431472,it
0,0.16523567,it
0,0.26970965,es
0,0.18544881,tr
0,0.20733827,es
0,0.18728128,tr
0,0.17224544,it
0,0.1986906,es
1,0.13378747,tr
0,0.24041124,it
1,0.13575453,tr
0,0.23830877,it
0,0.19857657,it
1,0.22280169,tr
0,0.24180433,it
0,0.10210562,it
0,0.2375472,tr
0,0.15678228,it
0,0.2225229,tr
0,0.29786733,it
0,0.4037041,es
0,0.27013093,it
0,0.18829858,tr
0,0.26475635,it
0,0.32682264,es
0,0.46089882,it
1,0.15853804,it
0,0.103194304,es
0,0.17069879,tr
0,0.17371795,tr
0,0.14009525,tr
0,0.10996709,it
0,0.2892039,it
0,0.14465803,es
0,0.18815291,tr
0,0.17912811,tr
0,0.15732631,tr
0,0.17105831,es
1,0.18346208,es
0,0.15220049,tr
0,0.12674686,tr
0,0.073667884,tr
0,0.3230823,es
0,0.28454226,es
0,0.5710908,es
0,0.14634396,tr
0,0.1474776,it
0,0.20010857,es
0,0.22235322,tr
0,0.19182445,it
0,0.17195243,tr
0,0.20611459,it
0,0.3347278,es
0,0.22131984,tr
0,0.18640494,it
0,0.14374161,it
0,0.55889446,es
0,0.39982533,es
0,0.13681051,tr
1,0.24464269,es
0,0.17811944,it
0,0.19345805,it
0,0.18333025,it
0,0.4718247,it
0,0.32060993,es
0,0.15905815,tr
0,0.18431756,tr
0,0.16818458,tr
1,0.35755178,es
0,0.118475,it
1,0.19732706,tr
0,0.18373509,tr
1,0.13042672,tr
0,0.18798645,tr
1,0.4565992,es
0,0.16353202,it
0,0.2117771,it
0,0.2545604,tr
0,0.25483602,es
0,0.3860563,tr
0,0.16126311,tr
0,0.20569445,it
0,0.13894255,tr
1,0.1684547,tr
0,0.4354978,es
0,0.40953088,it
0,0.13737312,tr
0,0.14264974,tr
1,0.4492548,tr
0,0.18478738,tr
0,0.16030818,it
0,0.15324242,it
0,0.16884248,es
0,0.20056748,tr
0,0.26947314,tr
0,0.17760512,tr
0,0.4839314,tr
0,0.16607586,es
0,0.13902228,it
0,0.17543638,tr
0,0.18506229,it
0,0.15149108,tr
0,0.29784438,es
0,0.11994075,tr
0,0.5281489,es
0,0.28830564,it
0,0.78743505,es
1,0.9895711,es
0,0.27530047,it
0,0.26861018,it
0,0.21067923,tr
0,0.20805703,tr
0,0.4295701,es
0,0.13774571,it
0,0.29045033,tr
1,0.3675229,it
0,0.11806072,tr
0,0.13498418,tr
1,0.15378685,it
0,0.2792699,it
0,0.15044956,tr
0,0.18389995,it
0,0.42274952,es
0,0.16120069,tr
0,0.12973323,it
0,0.17117421,tr
0,0.28160354,it
0,0.18690099,it
0,0.15555696,tr
1,0.16751388,es
0,0.18767487,tr
1,0.24316613,it
0,0.33659142,es
0,0.19950788,tr
0,0.25751632,it
0,0.25800106,es
0,0.16572925,tr
0,0.2086269,tr
0,0.16548909,tr
1,0.1967547,tr
0,0.22448646,tr
0,0.14761364,tr
0,0.149759,tr
0,0.16050933,tr
0,0.75725275,es
0,0.24212247,it
0,0.11735607,tr
0,0.36200354,es
0,0.09774758,tr
0,0.16955386,tr
0,0.15856187,it
0,0.13959399,tr
1,0.26765484,it
1,0.13581026,it
0,0.31728917,es
0,0.4736644,es
0,0.14317921,tr
0,0.15911424,it
0,0.39197704,es
0,0.24051781,es
0,0.27216804,es
0,0.11912061,it
0,0.17392187,tr
0,0.21191625,tr
0,0.27259532,es
0,0.19177362,tr
1,0.13864538,tr
0,0.19623423,tr
0,0.23227696,tr
0,0.17922767,tr
0,0.18172085,it
0,0.26539308,es
0,0.14221433,es
0,0.24973194,es
0,0.32530808,it
0,0.16784617,es
0,0.15469036,tr
0,0.12388263,tr
0,0.18938087,tr
1,0.4695781,es
0,0.23286648,it
0,0.15452473,es
0,0.26165956,es
0,0.23361775,es
1,0.32405147,es
0,0.2111901,tr
1,0.5518125,es
0,0.2227358,it
0,0.13680914,tr
0,0.09041041,tr
0,0.15175429,tr
0,0.23056032,es
0,0.16232778,tr
0,0.19492906,tr
1,0.1303085,tr
0,0.2333443,it
1,0.22586001,es
0,0.3278574,es
0,0.09224449,tr
0,0.44857493,es
1,0.1315743,it
0,0.14112985,tr
0,0.19355989,it
1,0.12598749,tr
0,0.22808143,es
0,0.22699033,tr
0,0.16523567,it
1,0.2091153,tr
0,0.19949736,tr
0,0.20985648,tr
0,0.15207547,it
0,0.22185247,it
0,0.11171453,tr
0,0.18196742,it
0,0.17226216,es
0,0.20068674,tr
0,0.21593134,tr
0,0.15576208,tr
0,0.14157364,es
0,0.19753851,tr
0,0.21394917,it
0,0.32140994,es
0,0.37743306,es
0,0.15629137,tr
0,0.16257852,tr
0,0.15874913,es
0,0.51956904,es
0,0.39623797,tr
0,0.070436455,tr
1,0.26820034,es
0,0.18862735,it
1,0.23337224,it
0,0.1258798,tr
0,0.24251513,es
0,0.17047139,tr
0,0.24378319,it
0,0.3249135,es
0,0.25527373,it
0,0.18322867,tr
0,0.2125144,es
0,0.16882789,tr
0,0.1201491,tr
0,0.8920223,tr
0,0.13998018,tr
0,0.23529734,it
0,0.13541028,tr
0,0.18442571,es
0,0.13662179,tr
0,0.2579171,es
0,0.14292987,it
0,0.5867012,it
0,0.39142174,es
0,0.20369603,tr
1,0.405772,it
0,0.20337795,es
1,0.38439056,es
0,0.18869634,it
0,0.28572926,es
0,0.1571611,es
0,0.16125676,it
0,0.23537394,es
1,0.17264438,it
0,0.23161344,tr
0,0.2350154,es
0,0.14890231,it
0,0.21687548,tr
1,0.47396007,tr
1,0.18882507,es
0,0.2276598,it
1,0.28016952,it
0,0.25253254,it
0,0.23456885,es
0,0.15503399,tr
0,0.15910223,tr
0,0.16752402,tr
0,0.18181168,es
0,0.3778762,es
0,0.18436281,tr
0,0.36513025,es
1,0.22096208,es
1,0.4129489,es
0,0.14872192,tr
0,0.13696581,tr
0,0.15896592,tr
0,0.15311906,tr
0,0.22735351,it
0,0.13036528,it
0,0.104638845,it
0,0.20565209,es
0,0.18790059,es
0,0.21122606,tr
0,0.2827937,es
0,0.21193321,it
0,0.2935952,it
0,0.2575873,tr
0,0.09365675,tr
1,0.1441105,tr
0,0.3000941,it
0,0.8595833,it
1,0.15979713,it
0,0.17836316,it
1,0.1725704,it
0,0.15827918,it
0,0.19220753,it
1,0.15009716,tr
0,0.3112347,es
0,0.15129752,es
1,0.33084488,es
0,0.23611823,es
0,0.23228921,tr
0,0.19229211,es
0,0.17245339,tr
0,0.16831,tr
0,0.25340033,es
0,0.21189803,es
0,0.37177575,es
0,0.15186314,it
0,0.14348146,it
0,0.2782206,tr
0,0.18717614,es
0,0.30017743,it
0,0.21038157,it
0,0.15915015,tr
0,0.2387751,es
0,0.27336287,it
1,0.12850529,tr
0,0.33991146,it
0,0.14521097,tr
1,0.21774799,it
0,0.30201447,es
0,0.14630438,tr
0,0.1433328,tr
0,0.18237941,es
0,0.30048808,it
0,0.21577656,tr
1,0.15993041,tr
1,0.2588673,es
0,0.22366463,es
0,0.22521332,it
0,0.14769769,it
0,0.20925944,tr
1,0.23698829,it
1,0.15780443,it
0,0.1311773,es
0,0.29809391,es
0,0.18980077,it
0,0.343339,es
0,0.58086824,es
0,0.13880345,it
0,0.107281595,tr
0,0.1551931,it
0,0.1628861,tr
0,0.1817451,es
0,0.20696354,it
0,0.24225767,it
0,0.6535576,es
0,0.22661047,tr
0,0.111933306,tr
0,0.2616404,it
0,0.19123055,it
0,0.16519585,it
0,0.26203445,it
0,0.1474517,tr
0,0.23336567,it
1,0.16830356,it
0,0.13509332,tr
0,0.21539344,it
0,0.13911618,tr
0,0.14618735,es
0,0.378911,es
0,0.19575277,it
0,0.25556892,it
0,0.25475386,es
0,0.2269006,tr
0,0.49503723,it
0,0.23734726,tr
0,0.23769106,es
0,0.19090824,it
1,0.14617783,es
0,0.18009482,tr
0,0.1330963,it
0,0.17424014,es
1,0.19060099,es
0,0.23014337,it
1,0.5905844,it
0,0.1660513,it
0,0.19334532,es
0,0.17177096,es
0,0.17078453,tr
0,0.15604186,tr
1,0.16453657,it
0,0.16523567,it
1,0.18120535,it
1,0.28565854,it
0,0.1752651,tr
0,0.25826174,it
1,0.24142174,it
0,0.12201562,it
1,0.11924832,tr
0,0.16411164,it
1,0.18289456,es
0,0.28837457,it
0,0.28126124,es
0,0.17538448,it
0,0.19888522,es
0,0.16386494,es
0,0.16927822,tr
0,0.17662412,tr
0,0.19851463,it
1,0.18398148,it
0,0.19880678,it
0,0.23759265,tr
0,0.41349941,es
0,0.22939633,tr
0,0.23277,it
0,0.15022413,tr
0,0.17197281,tr
0,0.28282088,it
0,0.15204613,tr
0,0.15441893,it
0,0.13248852,es
0,0.14941302,es
0,0.22711073,es
1,0.1506332,it
0,0.1361415,tr
0,0.15018553,it
1,0.2649891,tr
0,0.8284577,es
0,0.23297958,tr
0,0.21039553,it
0,0.2123079,it
1,0.2021692,tr
0,0.18795039,es
0,0.5337168,es
0,0.118982404,it
0,0.41065687,es
0,0.20289199,tr
1,0.2616278,es
0,0.1703851,tr
0,0.13744153,it
0,0.1241374,it
0,0.83042926,es
0,0.2828294,it
0,0.18037102,es
0,0.1630432,tr
0,0.17579278,tr
0,0.13003512,tr
0,0.26035047,tr
0,0.24266364,es
0,0.18783557,tr
0,0.1350861,tr
0,0.16286595,it
0,0.20056294,tr
0,0.1384363,tr
0,0.2622622,it
0,0.34644267,es
0,0.96682423,tr
0,0.191969,it
0,0.15266334,tr
0,0.16523567,it
0,0.15847827,es
1,0.15290736,tr
0,0.27270573,es
0,0.10834626,tr
1,0.2890028,it
0,0.21040271,it
0,0.3745755,es
0,0.1839823,tr
1,0.18527484,it
0,0.14138883,es
0,0.25714886,it
0,0.23763043,es
0,0.16054712,es
0,0.1779686,tr
1,0.37341696,es
1,0.20699592,tr
0,0.20793569,tr
0,0.18983278,es
0,0.1250154,es
0,0.12087864,es
0,0.14223467,tr
1,0.7222533,es
0,0.12896015,es
0,0.11914703,it
1,0.24719854,tr
0,0.1394703,tr
0,0.16943036,tr
0,0.14379603,tr
0,0.14012557,it
0,0.15204613,tr
0,0.14186658,tr
0,0.21911512,es
0,0.15448833,tr
0,0.18132639,it
0,0.33557633,tr
1,0.14640228,it
0,0.18669465,es
0,0.3158588,it
0,0.7471235,it
0,0.35529447,es
0,0.1520096,it
0,0.28915894,es
0,0.13000888,it
0,0.13547395,it
0,0.22401018,es
1,0.12464994,it
0,0.20173652,it
0,0.14377992,it
0,0.29626185,es
0,0.1254316,tr
1,0.37087488,it
1,0.34160182,es
1,0.5979402,es
0,0.25861448,tr
0,0.43774632,tr
0,0.15736417,tr
0,0.23143667,es
0,0.16575451,tr
0,0.25529897,es
0,0.21592784,it
0,0.2013846,tr
0,0.35240206,es
0,0.14881435,es
0,0.24288622,es
0,0.27184016,es
0,0.30849716,es
0,0.7656595,es
0,0.16523567,it
0,0.7033125,es
0,0.09491294,tr
1,0.19364507,tr
0,0.2062917,tr
1,0.19490156,it
0,0.1598211,tr
0,0.60284615,es
0,0.16728713,it
1,0.74290067,es
0,0.16325828,tr
0,0.4859329,it
0,0.17705688,it
0,0.32676253,es
0,0.32463044,es
0,0.19339472,es
0,0.17803597,tr
0,0.14989123,tr
0,0.14540228,es
0,0.4699989,es
0,0.24871598,tr
0,0.11908494,es
0,0.12417799,tr
0,0.7372704,es
0,0.26995313,it
0,0.13943075,tr
0,0.39223602,es
0,0.16724618,it
0,0.23789684,tr
0,0.16470909,tr
0,0.19732471,it
1,0.23031813,it
0,0.13631773,it
0,0.13967662,es
0,0.1206451,tr
0,0.16680838,it
0,0.2484567,es
1,0.21106856,it
0,0.6540185,es
0,0.14433081,it
0,0.21371357,tr
0,0.22756322,es
0,0.17664053,es
0,0.17865527,es
0,0.17568439,tr
1,0.92902255,tr
0,0.16523567,it
0,0.22725049,es
0,0.16107132,tr
0,0.15572931,tr
0,0.24892266,es
0,0.12513219,it
0,0.42112783,es
0,0.22519028,tr
0,0.16491659,tr
0,0.18017115,tr
0,0.2253079,es
0,0.162623,it
0,0.32996827,es
0,0.15502916,tr
0,0.14366184,tr
0,0.36759514,tr
0,0.16641292,tr
0,0.12832151,tr
0,0.16606112,tr
0,0.17954645,tr
0,0.2740536,tr
0,0.16874732,it
0,0.21458025,tr
0,0.2595523,es
0,0.34879872,it
0,0.18830302,tr
0,0.34775144,it
0,0.15912165,tr
0,0.1877755,tr
0,0.12417799,tr
1,0.1816924,it
0,0.26263717,es
1,0.15899865,tr
0,0.22285405,tr
1,0.16247188,tr
0,0.26281443,es
0,0.1701986,tr
0,0.16671461,tr
0,0.27079773,es
0,0.26459447,tr
0,0.49375558,es
0,0.13542728,it
0,0.19686003,tr
0,0.21254826,it
0,0.17362882,es
0,0.13532653,es
0,0.51071966,es
0,0.1626952,it
0,0.17296298,tr
0,0.099891424,tr
0,0.2208475,it
0,0.12937164,it
0,0.13210219,it
1,0.2543822,es
1,0.1678772,es
0,0.15441023,tr
0,0.60101545,es
0,0.15375279,it
0,0.11999517,it
0,0.13834536,tr
1,0.29179773,tr
0,0.14772892,it
1,0.15923837,tr
0,0.6155207,it
0,0.23211782,it
0,0.12962775,tr
0,0.13707112,tr
0,0.089811206,it
0,0.20813066,es
1,0.47287917,es
0,0.18907441,es
0,0.15015945,tr
1,0.20880798,it
0,0.23281775,it
1,0.30938125,it
0,0.19688445,es
0,0.060620558,tr
0,0.17361298,tr
0,0.2120379,tr
0,0.22932938,tr
0,0.17687441,tr
0,0.2039842,es
0,0.3273077,es
0,0.17823566,tr
0,0.17179826,it
0,0.4406993,it
0,0.2625513,es
0,0.09750962,tr
0,0.18668678,tr
1,0.2096736,it
0,0.1645464,it
0,0.12802215,tr
1,0.14364363,tr
0,0.15889592,tr
0,0.37521154,it
0,0.20967288,tr
0,0.13701075,tr
1,0.19387339,it
0,0.28182518,es
0,0.14482653,it
0,0.12479235,tr
0,0.17043181,tr
0,0.15196179,tr
0,0.1694927,it
0,0.21013421,es
0,0.20909552,tr
0,0.13875058,it
0,0.21477988,it
1,0.1563529,tr
0,0.24086004,it
0,0.15772581,es
0,0.21040505,tr
1,0.15151203,tr
0,0.140038,it
0,0.22797272,tr
0,0.0989653,it
1,0.11827572,tr
0,0.14873418,tr
0,0.20063452,it
0,0.1400121,tr
0,0.20587881,tr
0,0.581992,es
0,0.32694268,es
0,0.20227382,tr
0,0.16829997,it
0,0.13215077,tr
0,0.1739319,tr
0,0.17915638,es
0,0.30696404,es
0,0.15022388,tr
1,0.9080316,es
0,0.14565949,tr
0,0.14314637,es
0,0.22543688,it
0,0.09947826,tr
0,0.20393352,es
0,0.16383733,tr
1,0.1914961,it
0,0.21999629,it
0,0.44989437,es
1,0.17792024,tr
0,0.15434662,it
1,0.4657083,es
0,0.14952041,it
0,0.21046449,es
0,0.2828698,es
0,0.1303789,tr
0,0.18402642,es
0,0.33603746,es
0,0.27646184,it
0,0.17415184,tr
1,0.55072397,it
0,0.13160777,tr
0,0.17675382,it
0,0.37202245,it
0,0.28264222,es
0,0.25948584,es
0,0.14283307,tr
1,0.19639592,es
0,0.28087902,es
0,0.113923654,it
0,0.17211892,tr
1,0.20535639,tr
0,0.35766387,es
0,0.23727465,es
0,0.13368392,tr
0,0.20012784,tr
0,0.13861972,tr
0,0.16040874,tr
0,0.22618632,tr
1,0.27642748,es
0,0.21074148,it
0,0.37501624,es
0,0.21399067,tr
1,0.21028394,it
0,0.2762441,it
0,0.1954735,it
0,0.45333663,es
0,0.2897218,it
1,0.2175631,it
0,0.2635303,it
0,0.17521241,tr
0,0.41794395,it
0,0.10830752,tr
0,0.24886943,tr
1,0.6358619,it
0,0.14480716,it
1,0.20957585,it
0,0.2475565,it
0,0.18871655,es
0,0.16764006,tr
0,0.2588049,it
0,0.15447038,tr
0,0.22773075,it
0,0.31237063,es
0,0.2197401,it
0,0.19051744,it
0,0.17295308,es
0,0.1604155,tr
0,0.2551319,tr
1,0.13516665,it
0,0.18539134,it
0,0.1516409,it
0,0.12263662,tr
0,0.17826295,tr
0,0.21730469,tr
0,0.22771859,tr
1,0.77901715,es
0,0.21121134,tr
0,0.31717086,it
0,0.873324,es
1,0.15623352,it
0,0.1165609,it
0,0.16706362,tr
1,0.64878374,es
0,0.27080643,it
0,0.18238977,es
0,0.28062338,es
0,0.21383347,it
0,0.17620264,tr
0,0.15739192,tr
1,0.3315966,it
0,0.12605982,it
0,0.10605687,it
1,0.1874345,it
0,0.1914985,it
0,0.39076358,es
0,0.18131687,es
0,0.2139792,tr
1,0.4194718,it
0,0.17690217,it
0,0.2902885,it
1,0.19263314,it
1,0.17803043,it
0,0.27754393,es
0,0.13469535,tr
0,0.27216578,it
0,0.07158248,tr
1,0.43518063,it
0,0.19402274,it
0,0.24507527,tr
0,0.17548896,it
0,0.17522724,tr
0,0.18396568,tr
0,0.15377977,tr
0,0.13476065,tr
0,0.17040631,it
0,0.19214344,it
0,0.19294056,it
0,0.27795783,it
0,0.1401109,it
0,0.23952161,es
1,0.15443935,es
0,0.16450988,tr
0,0.29176822,it
0,0.15055527,tr
0,0.1870058,it
0,0.18477874,it
0,0.15315358,es
0,0.68358064,es
1,0.3104504,es
1,0.15295097,tr
0,0.14394404,es
0,0.1599604,tr
1,0.16809437,it
0,0.17404796,tr
0,0.24906108,tr
0,0.17330673,it
0,0.100971945,es
0,0.18814053,tr
0,0.13075116,tr
0,0.41265464,es
0,0.19277799,tr
0,0.27074718,es
0,0.2148375,es
0,0.17441516,it
0,0.13924435,it
0,0.2899179,tr
1,0.38081953,es
0,0.5119555,es
0,0.16143122,tr
0,0.27964103,it
0,0.2461286,es
0,0.22238657,es
0,0.25331068,it
0,0.14749083,tr
1,0.1402419,it
0,0.3686392,tr
0,0.22859617,es
0,0.1890287,it
1,0.17331761,es
0,0.11579567,tr
0,0.25747177,it
0,0.17733747,it
0,0.17429627,it
0,0.17329648,it
0,0.14826679,tr
0,0.12794346,tr
0,0.13564329,tr
0,0.13363485,it
0,0.19713403,tr
0,0.422236,it
0,0.09896865,tr
0,0.225808,es
0,0.10682511,tr
0,0.1032399,tr
1,0.30949777,it
0,0.14897677,it
0,0.18579826,es
0,0.22783734,it
0,0.47691843,es
0,0.29456106,it
0,0.19563976,it
0,0.09415328,tr
0,0.13555278,tr
0,0.17842932,tr
0,0.15073085,tr
0,0.097060755,es
0,0.18675852,es
0,0.13400877,tr
0,0.19173516,tr
0,0.1030843,tr
0,0.18765728,tr
0,0.21426289,tr
0,0.15285333,tr
0,0.26717252,es
0,0.16490313,tr
0,0.16114923,es
0,0.154832,it
0,0.11995208,tr
0,0.19423838,it
0,0.62654173,es
0,0.2927806,es
0,0.20006743,it
0,0.20788102,tr
1,0.15951979,tr
0,0.2714014,it
1,0.15129682,it
0,0.10889333,tr
0,0.17936566,tr
0,0.34422043,es
0,0.12034491,tr
0,0.19026361,tr
0,0.1681026,tr
1,0.24881704,es
0,0.19858511,it
0,0.27363682,it
0,0.46049565,it
0,0.17027637,it
0,0.13570757,tr
0,0.26417384,it
1,0.22919677,it
0,0.23767823,it
0,0.22417888,tr
0,0.24419403,tr
1,0.20113152,es
0,0.6153261,it
0,0.1552168,tr
0,0.15000212,tr
0,0.27595243,tr
0,0.15431088,tr
0,0.25957546,es
0,0.26984373,tr
0,0.21705966,tr
0,0.12377348,tr
0,0.1902932,es
0,0.44002563,es
1,0.20473498,it
0,0.21313776,es
0,0.35507146,es
0,0.17956263,es
0,0.19474882,es
0,0.11116516,tr
0,0.14033236,it
0,0.24522443,tr
0,0.14147171,tr
0,0.33109877,es
0,0.16918336,it
0,0.20575923,es
0,0.14025563,tr
0,0.1923076,it
0,0.13126305,tr
0,0.12216304,it
0,0.25273755,it
0,0.20323332,es
0,0.23635723,tr
0,0.1736989,tr
0,0.2059315,it
0,0.3618051,es
0,0.14519839,es
0,0.5754034,es
0,0.48205525,it
0,0.28902975,es
1,0.28352526,it
0,0.264312,es
0,0.15377665,it
0,0.31146288,es
0,0.42060435,es
0,0.12776405,tr
1,0.83776015,es
1,0.15303975,tr
0,0.15659906,it
0,0.15950091,it
0,0.2506672,tr
0,0.2531137,tr
0,0.15973027,tr
0,0.105353996,it
0,0.15087402,tr
0,0.15717082,it
0,0.28437838,es
0,0.25164843,es
0,0.1476513,tr
1,0.1826696,tr
0,0.21748696,es
0,0.18125169,tr
0,0.14652307,it
1,0.30210763,es
0,0.14439246,it
1,0.23186475,it
0,0.17912973,es
0,0.19528428,it
0,0.19026269,es
0,0.1342391,it
0,0.14900264,it
1,0.37653732,es
0,0.2486644,it
0,0.23312558,tr
0,0.34146023,it
0,0.874499,it
0,0.16275403,tr
0,0.18537836,tr
0,0.21472767,tr
0,0.3139908,es
0,0.13158254,tr
0,0.16384341,tr
0,0.18498741,tr
0,0.20232956,tr
0,0.20509727,es
0,0.16928592,tr
1,0.2180216,it
0,0.4560685,es
0,0.2764072,es
0,0.28639323,it
0,0.13669068,it
0,0.2736002,es
0,0.31671757,it
0,0.1597733,it
0,0.12770998,tr
0,0.20336959,tr
0,0.19415796,tr
0,0.3439829,es
0,0.13537915,tr
0,0.15334527,tr
0,0.6385725,es
1,0.16699657,tr
0,0.17918512,it
1,0.22142673,tr
0,0.1867373,it
0,0.14067675,tr
1,0.5441955,es
0,0.22972687,it
0,0.37932286,es
0,0.19211812,it
0,0.41207677,it
0,0.19167534,tr
1,0.24149959,it
0,0.21653217,tr
0,0.2653074,es
0,0.1870869,es
0,0.21130246,es
0,0.19747454,tr
0,0.14937933,tr
0,0.22548199,tr
0,0.19985469,tr
0,0.16397089,it
0,0.17039074,tr
0,0.27912095,tr
0,0.54858524,es
1,0.14871122,tr
1,0.14561565,it
1,0.124315806,it
0,0.2898754,es
0,0.21514896,es
0,0.28599986,tr
0,0.19046642,it
0,0.14244685,tr
0,0.22517067,it
1,0.26480898,it
0,0.3386547,es
0,0.39939523,es
0,0.17271233,it
0,0.10713279,tr
1,0.26095796,it
0,0.16523567,it
0,0.16557695,it
0,0.31575653,it
0,0.19675054,es
0,0.35109907,es
0,0.25488168,tr
0,0.25571793,es
0,0.18622747,tr
0,0.20922023,tr
0,0.1718151,tr
0,0.3356544,it
0,0.42201588,it
0,0.07482497,tr
0,0.2755285,it
0,0.16523567,it
0,0.36630785,es
0,0.16891623,tr
0,0.15633394,it
0,0.19353274,tr
0,0.2144073,es
1,0.15115751,es
0,0.15247385,tr
0,0.18334343,it
0,0.17747949,it
0,0.21638156,tr
0,0.5040333,es
0,0.14972378,it
0,0.24744777,es
0,0.15342227,es
0,0.1442325,tr
0,0.22281602,it
0,0.5903668,es
0,0.17820756,it
1,0.57490104,it
1,0.20766398,tr
1,0.14793581,it
0,0.06557358,it
0,0.14863016,tr
0,0.22790864,es
0,0.15645747,tr
0,0.24035443,es
0,0.16009773,tr
0,0.2297499,tr
0,0.14620927,it
0,0.2246009,it
0,0.22981636,es
0,0.2976639,es
0,0.120251924,it
0,0.24358179,it
0,0.3200201,es
0,0.15411589,tr
0,0.124962665,es
0,0.37554806,es
0,0.16614886,tr
0,0.24392596,es
1,0.30951065,it
0,0.20567045,es
0,0.17288211,tr
0,0.14839089,it
0,0.1393404,it
0,0.12981568,it
0,0.35762757,es
0,0.16055049,tr
0,0.81063503,es
0,0.14786687,tr
0,0.15023862,it
0,0.27295277,es
0,0.17729612,es
0,0.18780182,it
0,0.1640666,es
0,0.31082672,es
0,0.2162307,tr
1,0.4671947,es
0,0.20477052,tr
0,0.23177648,es
0,0.24516156,es
0,0.22326687,it
0,0.26081282,it
1,0.16245906,it
0,0.24218267,it
1,0.16889518,tr
0,0.42379498,es
0,0.19333811,it
1,0.5520871,es
0,0.20404674,it
1,0.099668644,it
0,0.21144043,tr
0,0.2052951,es
0,0.19546588,it
1,0.46081808,es
0,0.23672682,es
0,0.18704334,es
1,0.18706384,tr
1,0.3190679,tr
0,0.1809259,tr
0,0.5228562,es
0,0.13534531,tr
0,0.18860598,tr
0,0.49262154,es
0,0.52025944,es
0,0.17090437,tr
0,0.097986266,tr
1,0.11849224,tr
1,0.21265659,it
0,0.11252732,it
1,0.2055993,tr
0,0.1829202,es
0,0.12866868,tr
1,0.28826421,tr
1,0.10587956,tr
0,0.20457245,es
1,0.19850434,es
0,0.16060051,tr
1,0.6398111,es
0,0.21237352,tr
0,0.18464378,tr
0,0.2809337,es
1,0.15712959,it
1,0.15650399,it
1,0.46407056,es
0,0.22059782,es
0,0.17772345,es
0,0.11800833,it
0,0.19968282,tr
1,0.25406873,es
0,0.4167357,es
0,0.15543711,it
1,0.10135689,es
0,0.16873598,tr
0,0.4450544,tr
0,0.18224342,it
0,0.24149035,tr
0,0.21839122,es
0,0.18175347,tr
0,0.14840142,tr
0,0.19257009,es
1,0.3265182,it
1,0.24518289,es
0,0.22598124,tr
1,0.3094685,es
0,0.26456398,es
0,0.14763601,tr
0,0.18875615,es
0,0.15676603,it
0,0.115728386,tr
0,0.27949372,it
0,0.40672204,es
0,0.179162,tr
0,0.1426605,es
0,0.3234096,es
1,0.33717996,es
0,0.1761926,tr
0,0.21586822,es
0,0.14959255,it
0,0.16138996,tr
1,0.2113091,tr
0,0.1793763,it
0,0.23205777,it
0,0.16745554,tr
0,0.20521314,tr
0,0.4302288,it
0,0.29862353,it
0,0.13455488,it
0,0.15451439,it
0,0.28546235,es
0,0.35116228,it
0,0.20227024,es
0,0.1607032,tr
0,0.19157863,it
0,0.19321942,it
0,0.1659472,tr
0,0.16101193,it
0,0.17473365,it
0,0.20306097,tr
0,0.17585021,it
0,0.14509994,tr
0,0.12619206,tr
0,0.18878707,it
1,0.35480747,tr
0,0.16398303,it
0,0.17941642,it
0,0.117259845,tr
0,0.4181,es
0,0.41488758,es
0,0.14330177,tr
1,0.25662002,tr
0,0.21330729,it
0,0.1433478,tr
0,0.20946452,tr
0,0.33400166,it
0,0.12199576,tr
0,0.19428939,it
0,0.2664479,tr
0,0.19390358,tr
1,0.26546317,es
0,0.26792827,es
0,0.24736342,es
0,0.14029157,es
0,0.22422983,tr
1,0.17081311,es
0,0.14889082,es
0,0.2045509,it
0,0.29389423,es
1,0.23509099,es
0,0.15963528,tr
0,0.15545116,tr
0,0.28861997,es
0,0.14628868,it
0,0.18449661,es
0,0.17790724,it
0,0.1166466,tr
0,0.10834626,tr
0,0.21340668,tr
1,0.16958055,tr
0,0.13312785,tr
0,0.28399417,es
0,0.25806248,es
0,0.18963854,es
0,0.51023775,es
0,0.17270868,es
0,0.15123801,es
0,0.12950695,es
0,0.13823177,tr
1,0.25830415,es
0,0.23132737,es
0,0.27340984,it
0,0.14513738,tr
0,0.10742138,tr
0,0.36237207,es
0,0.10254682,it
0,0.27359116,tr
1,0.19696382,es
0,0.0700227,es
0,0.2563821,es
1,0.31717294,it
0,0.19545233,es
0,0.22425164,it
0,0.20205621,it
0,0.17054337,it
0,0.13615802,it
0,0.20322822,es
0,0.18648982,tr
0,0.1477252,tr
0,0.5623046,es
0,0.14456207,tr
0,0.14811102,tr
0,0.14180125,tr
1,0.74382156,es
0,0.18216251,es
1,0.48683438,es
1,0.2316478,it
0,0.2829856,tr
0,0.3378723,it
0,0.21234135,es
0,0.17031178,tr
0,0.3099974,es
0,0.15602395,tr
0,0.109026104,tr
0,0.8799136,es
0,0.09051597,es
0,0.18661477,es
1,0.33595514,it
0,0.20338532,it
1,0.33993602,it
0,0.3028955,es
1,0.15566672,tr
0,0.12133253,it
0,0.23353955,tr
1,0.14580722,it
0,0.23473889,es
0,0.16869742,it
1,0.28433532,it
0,0.11284045,tr
0,0.19312678,it
0,0.44124645,it
0,0.19311021,tr
0,0.17149816,es
0,0.12886125,tr
0,0.24790531,es
0,0.21064791,it
0,0.26713672,tr
0,0.13472226,tr
0,0.16486894,tr
0,0.31570518,es
1,0.5009156,es
1,0.13244179,tr
0,0.064913355,it
1,0.12925865,tr
0,0.26740217,es
0,0.17174558,tr
0,0.15181902,tr
1,0.24345969,es
0,0.15873598,es
1,0.21750066,es
0,0.12967327,tr
0,0.20292202,es
0,0.18684915,it
0,0.19669758,it
1,0.3585281,es
0,0.2257085,tr
0,0.21115366,it
0,0.1487586,tr
0,0.21035257,es
0,0.19202033,it
0,0.20447859,it
0,0.19029675,it
0,0.26139176,es
0,0.18639688,tr
0,0.17033821,es
0,0.12667292,es
1,0.21505423,es
0,0.14486709,it
0,0.47726005,tr
0,0.15739696,it
0,0.24475467,es
0,0.17962147,tr
0,0.20218879,tr
0,0.3269791,it
0,0.144596,tr
0,0.24104951,it
0,0.21636763,es
0,0.20693468,tr
0,0.2984336,it
0,0.19923572,tr
1,0.26027212,es
0,0.15739772,tr
1,0.6110861,es
0,0.15602563,tr
0,0.14058447,es
0,0.13360256,tr
1,0.25044322,it
0,0.23073639,es
0,0.14532654,tr
0,0.2315514,es
1,0.26780424,tr
0,0.23214984,it
0,0.14451385,tr
0,0.32813823,es
0,0.27688187,es
0,0.16625585,it
0,0.26653916,it
0,0.16811639,tr
0,0.13637246,tr
0,0.15813568,es
0,0.25309446,tr
0,0.22851838,tr
0,0.18493454,it
1,0.22415535,es
0,0.13965125,es
0,0.17888238,es
0,0.3095967,tr
0,0.12695536,it
0,0.27232906,es
0,0.2003724,es
0,0.16635716,it
0,0.10448108,it
0,0.1702156,tr
1,0.16748379,it
0,0.27758664,es
0,0.24528289,tr
0,0.14305672,tr
0,0.32651657,es
0,0.18513785,es
0,0.22265804,it
0,0.24480893,it
0,0.1677556,tr
0,0.17628607,tr
0,0.103691176,it
0,0.6209722,es
0,0.16142324,tr
0,0.27866378,tr
0,0.12596977,tr
1,0.27961642,tr
0,0.29111475,es
0,0.12259613,it
0,0.2646353,it
0,0.5052975,es
0,0.20042719,it
0,0.16184846,it
0,0.28657952,es
0,0.34347576,es
0,0.18962626,it
0,0.1883716,it
0,0.1565139,tr
0,0.21676002,it
0,0.3461383,it
0,0.13315123,it
0,0.08490522,tr
0,0.35024807,es
0,0.20368917,es
1,0.5919503,it
0,0.25937405,it
1,0.23889002,it
0,0.11015346,tr
0,0.20216833,tr
0,0.16866258,it
0,0.15264471,it
1,0.23675366,es
0,0.30445755,es
0,0.19833213,tr
1,0.43404958,es
1,0.3498428,it
0,0.20560132,it
0,0.15017892,it
1,0.38597336,es
0,0.18946682,it
0,0.21845748,tr
0,0.30124548,it
0,0.18767487,tr
0,0.12236802,tr
0,0.14355843,tr
0,0.18787627,es
0,0.22160216,it
0,0.1800543,es
0,0.1688607,tr
0,0.1438738,tr
1,0.18034899,tr
0,0.2980401,es
0,0.121609844,tr
0,0.7227669,it
0,0.16523567,it
0,0.41064647,it
1,0.19564448,tr
0,0.15085126,es
0,0.16242418,tr
0,0.118453465,es
0,0.31528684,es
0,0.114218116,it
0,0.19319373,tr
0,0.21065874,tr
0,0.24722946,it
0,0.16126311,tr
0,0.18208148,es
0,0.2564959,tr
1,0.31074446,es
0,0.2172915,es
0,0.25674036,es
0,0.17702246,tr
0,0.14557697,it
0,0.25064477,es
0,0.18855996,it
0,0.20496193,it
0,0.18829352,tr
0,0.24790478,es
0,0.19264093,it
0,0.16985962,es
0,0.17629369,es
0,0.14956297,it
0,0.21458319,it
0,0.224319,it
0,0.15696427,tr
0,0.13912351,tr
0,0.08960038,it
0,0.19953744,tr
0,0.08691923,tr
0,0.08812668,tr
1,0.30390146,it
0,0.21004331,it
0,0.16334884,tr
0,0.23610796,it
0,0.3280495,es
0,0.25813815,es
0,0.22164221,it
0,0.262544,es
0,0.17760998,it
0,0.22889245,it
1,0.097455256,tr
0,0.172673,it
1,0.20954609,it
0,0.18502434,es
0,0.19988525,tr
0,0.14010346,tr
0,0.185608,es
1,0.27364048,tr
0,0.12695822,tr
0,0.2162229,it
0,0.103898585,it
0,0.19564697,it
0,0.25058112,tr
0,0.46025088,es
0,0.15963916,tr
0,0.38734084,es
0,0.1572166,tr
0,0.18418571,it
0,0.13905512,tr
0,0.14341342,tr
0,0.19161455,it
0,0.31235623,es
0,0.16446547,it
0,0.11687795,it
0,0.13920437,it
0,0.38851437,es
0,0.12175256,tr
0,0.13564236,tr
0,0.4534748,tr
0,0.16011307,tr
0,0.15178241,tr
0,0.25118792,it
0,0.16711524,tr
0,0.2920139,it
0,0.18730095,tr
1,0.31933957,es
0,0.14686765,es
0,0.30415863,it
0,0.25343838,es
0,0.16817366,it
0,0.19250613,es
0,0.25293717,es
0,0.14309712,tr
0,0.35120997,it
0,0.4509599,es
0,0.17086412,es
0,0.16214392,tr
0,0.11986463,it
0,0.20665416,es
1,0.28079736,es
0,0.29917747,es
0,0.2113494,it
0,0.18387741,tr
0,0.1274388,it
0,0.19151723,tr
0,0.1409247,tr
0,0.14942934,tr
1,0.30864686,es
1,0.946233,it
0,0.21101387,it
0,0.18151908,es
0,0.2026353,es
0,0.13748606,tr
1,0.17630124,tr
0,0.1504549,tr
0,0.23830165,es
0,0.17636849,tr
0,0.27270168,es
0,0.11647879,it
0,0.17698109,tr
0,0.16695899,it
0,0.24947338,it
1,0.20580313,es
1,0.6602958,es
0,0.30724862,es
0,0.1764779,tr
0,0.17687146,tr
0,0.18409808,it
1,0.31828988,es
0,0.18998562,tr
0,0.6962043,es
0,0.21442926,es
1,0.18279263,tr
0,0.4897323,es
1,0.111590214,it
0,0.16605651,it
0,0.18296936,tr
0,0.18266673,it
0,0.3550121,es
1,0.14923283,it
0,0.18295532,tr
0,0.19346945,it
1,0.21693447,es
0,0.15511288,es
0,0.25819546,es
0,0.31877944,it
0,0.19412422,tr
0,0.22762862,es
0,0.19897117,tr
0,0.10497411,es
0,0.13186847,tr
0,0.13623393,es
0,0.25861612,es
0,0.320998,es
0,0.18628433,tr
1,0.16349061,tr
0,0.15292758,tr
0,0.1383051,it
1,0.17905529,es
1,0.29304072,it
1,0.24731968,es
0,0.1773836,tr
0,0.17270248,it
0,0.07940192,it
0,0.15685673,tr
0,0.17298952,tr
0,0.12666725,tr
0,0.20473151,es
0,0.18417488,it
0,0.1350861,tr
0,0.15744321,tr
0,0.20107432,it
0,0.13102181,es
0,0.15403534,tr
0,0.3529731,es
0,0.11738006,tr
0,0.22220129,it
0,0.13216414,tr
0,0.16719614,es
0,0.09745339,it
0,0.30845514,es
0,0.39316958,it
0,0.16260462,it
0,0.26075688,tr
0,0.20136414,it
1,0.17721994,tr
1,0.23605417,it
1,0.17631845,tr
0,0.49851835,es
0,0.21642011,it
0,0.1279813,it
1,0.2537057,es
0,0.15097511,it
0,0.5245596,es
1,0.24470451,tr
1,0.178809,it
0,0.41049138,es
0,0.16798921,tr
1,0.83123124,es
0,0.13084675,tr
1,0.1393774,tr
0,0.17300995,es
1,0.20015272,tr
0,0.15597801,tr
0,0.2529522,it
0,0.19263789,tr
1,0.14906155,es
0,0.11621253,es
0,0.64612824,es
0,0.4430795,es
1,0.16208814,it
1,0.6209768,it
0,0.13609283,it
1,0.334599,it
0,0.23483256,it
0,0.17183709,tr
0,0.12855498,tr
0,0.11801222,it
0,0.22737814,es
1,0.21122397,it
0,0.2750602,es
0,0.14892454,tr
0,0.18080793,es
0,0.23662895,es
0,0.14124565,tr
0,0.18909377,it
0,0.33324158,it
0,0.330266,it
0,0.17291747,it
0,0.138424,es
1,0.12612757,es
0,0.32851017,it
0,0.15675022,it
0,0.3141506,es
0,0.13514349,tr
0,0.282986,es
0,0.20648085,es
0,0.24606189,it
1,0.086024515,it
1,0.16745934,it
0,0.1789145,tr
0,0.18254417,it
0,0.103305355,es
0,0.18590824,tr
0,0.1252233,it
0,0.22122729,it
0,0.17551692,tr
1,0.17297976,it
0,0.1942093,tr
0,0.18833269,it
0,0.2552864,es
1,0.54725796,it
0,0.16747087,tr
0,0.29403573,tr
1,0.3410445,it
1,0.22820088,tr
1,0.42451212,es
0,0.21386814,es
0,0.19413124,it
0,0.21022773,it
0,0.21870573,it
0,0.16980761,tr
0,0.19525427,es
0,0.1885955,it
1,0.10895856,it
0,0.18526971,tr
0,0.20616394,es
0,0.16346185,tr
1,0.10065427,it
0,0.20823914,es
0,0.21082121,es
0,0.18868166,it
0,0.2729622,es
0,0.20283422,it
0,0.5726378,es
0,0.15386902,it
0,0.19911534,tr
0,0.2310117,es
0,0.39524257,es
0,0.19942111,tr
1,0.6019187,es
0,0.1360323,tr
0,0.23671223,es
0,0.23009479,es
0,0.31333795,it
0,0.17619435,tr
0,0.16769728,tr
0,0.224193,es
1,0.20118484,tr
0,0.17285003,tr
0,0.5458271,it
1,0.1831867,tr
0,0.20386434,tr
1,0.2001838,tr
0,0.17701207,tr
0,0.15246578,tr
0,0.15033473,it
0,0.24287072,es
0,0.21858889,it
0,0.1567294,tr
0,0.088781916,it
0,0.14911117,it
0,0.21452941,tr
0,0.26462695,es
0,0.2227704,it
1,0.25178936,es
0,0.110564284,tr
0,0.36273172,es
0,0.21486329,tr
0,0.16285518,tr
0,0.24680339,tr
0,0.19062898,tr
1,0.2386814,es
0,0.17392172,it
0,0.15555967,es
0,0.13175333,tr
0,0.19605757,tr
0,0.44323513,it
0,0.114140846,it
0,0.3917553,it
0,0.17398536,tr
0,0.22504461,it
0,0.15319553,it
1,0.16645628,es
0,0.17827179,es
0,0.2127638,es
0,0.23549625,es
0,0.20613793,tr
0,0.24503905,it
0,0.3675945,es
0,0.26734883,it
0,0.24166869,it
0,0.39700878,it
0,0.269331,es
0,0.1691273,it
1,0.12702543,tr
0,0.29655975,es
0,0.2509039,es
0,0.15553987,it
0,0.23947379,tr
0,0.22198075,tr
0,0.2392215,es
0,0.16567467,tr
0,0.24470791,it
0,0.19259499,es
0,0.12470249,tr
0,0.10861284,tr
0,0.12750094,it
1,0.9987406,it
0,0.2093652,es
0,0.15605451,tr
0,0.14897351,tr
0,0.18177725,es
0,0.24596839,tr
0,0.22116311,es
0,0.81423205,es
0,0.15204613,tr
0,0.20551029,it
0,0.1651285,tr
0,0.18532044,tr
0,0.21884468,tr
0,0.19424471,it
0,0.13092639,it
0,0.48884857,es
0,0.1678248,it
0,0.38989115,es
0,0.17682907,tr
0,0.18412574,es
0,0.22529703,tr
0,0.17793028,tr
0,0.70184225,es
0,0.2364662,es
0,0.30501032,es
0,0.099741764,tr
0,0.2893722,it
0,0.25675753,it
0,0.15604186,tr
0,0.35634568,it
0,0.28655717,es
0,0.40928903,es
1,0.59367853,es
0,0.27719674,es
1,0.36448643,it
0,0.14949188,tr
0,0.19128273,tr
0,0.1384363,tr
0,0.23819396,es
1,0.14139986,it
0,0.13913822,tr
0,0.275904,es
0,0.24900927,tr
0,0.103901066,es
1,0.4500271,it
0,0.1398821,tr
0,0.17170097,it
0,0.1488129,tr
0,0.15594839,tr
0,0.26773018,it
0,0.14888263,tr
0,0.10499461,es
1,0.36524978,it
0,0.23720664,it
1,0.14937364,tr
0,0.18300265,es
1,0.21562822,tr
0,0.14678702,tr
0,0.20752782,it
0,0.31927872,it
0,0.26644376,it
1,0.16733773,tr
0,0.17255247,es
0,0.17872387,es
0,0.17768045,it
0,0.14681278,tr
0,0.1411266,it
0,0.102066085,tr
0,0.26466903,tr
0,0.20407486,tr
0,0.1545645,tr
0,0.14678316,tr
0,0.19720334,es
0,0.1506033,tr
0,0.3053292,es
0,0.16890398,tr
0,0.28563878,es
0,0.2547117,it
0,0.38135934,it
0,0.2045424,tr
0,0.13478826,it
0,0.13221483,tr
0,0.31347153,tr
0,0.162965,tr
0,0.107768536,it
0,0.14518946,es
0,0.15564482,tr
0,0.4821272,es
0,0.1647544,es
0,0.19988506,it
0,0.27553338,es
0,0.15197933,it
0,0.2190523,es
0,0.1763185,tr
1,0.30494922,tr
0,0.1905735,tr
1,0.12825346,it
1,0.25550565,es
0,0.20348245,es
0,0.2640055,tr
0,0.2575246,es
1,0.28083903,es
1,0.115582705,it
0,0.20612982,it
0,0.17420451,it
0,0.3417693,it
1,0.38991457,it
0,0.13501792,tr
0,0.16523567,it
0,0.22239901,it
0,0.12782429,it
1,0.14996341,tr
0,0.21348354,it
0,0.20051613,tr
0,0.4633935,es
0,0.20426226,it
0,0.25943255,es
0,0.19440694,es
0,0.1630886,it
0,0.24011555,es
0,0.32934707,es
1,0.20299141,it
0,0.32413915,it
0,0.17022549,tr
1,0.16510983,tr
0,0.23192479,it
0,0.17381875,it
0,0.14610998,es
0,0.20753244,es
0,0.13836266,tr
0,0.29982474,it
0,0.12864785,it
0,0.33483362,es
0,0.072278835,es
1,0.16759837,tr
0,0.1721055,it
0,0.16727515,it
0,0.10189338,it
0,0.12886412,tr
0,0.25728443,it
0,0.22817248,tr
0,0.13918568,it
0,0.35997048,es
0,0.23941515,es
0,0.1350861,tr
1,0.186626,it
0,0.27291316,es
0,0.15486892,tr
0,0.19781278,it
0,0.34500387,es
0,0.14074445,tr
0,0.15204613,tr
0,0.18632834,it
0,0.20304127,it
0,0.123129904,it
0,0.24771275,it
0,0.22824982,es
0,0.13768399,it
0,0.097136825,es
0,0.31785345,tr
0,0.12347289,tr
0,0.33171684,it
0,0.24723592,es
1,0.2232923,es
0,0.22321796,es
1,0.1403658,it
0,0.1666914,it
0,0.14312474,tr
0,0.2424909,es
1,0.14700006,tr
0,0.20265797,it
0,0.08291985,tr
0,0.12855037,it
1,0.3741026,it
0,0.2927972,es
1,0.17943951,tr
1,0.17715213,it
0,0.2290603,es
0,0.16902357,tr
1,0.28902262,it
0,0.20193054,it
0,0.12747218,tr
0,0.12932618,tr
0,0.317212,es
0,0.3973314,it
0,0.21454425,it
0,0.41514355,es
0,0.18102871,tr
0,0.18769367,es
0,0.18841343,tr
0,0.15604186,tr
0,0.17435086,tr
0,0.24971142,tr
0,0.14191815,it
0,0.22582088,tr
0,0.14374106,tr
0,0.3864676,it
1,0.31058756,es
0,0.24844891,it
0,0.17069589,it
0,0.19334014,tr
0,0.17084987,it
0,0.18671957,tr
0,0.4841402,es
0,0.20148814,tr
1,0.21236023,it
0,0.15333922,tr
0,0.1724289,es
0,0.13673018,tr
0,0.12329804,tr
0,0.4700466,es
0,0.1519473,it
0,0.25274873,es
0,0.25059918,it
0,0.15120916,tr
0,0.28010666,es
0,0.24546714,es
1,0.18353191,it
0,0.167188,es
0,0.19989927,es
0,0.25994098,it
0,0.30130786,it
0,0.21231727,es
0,0.13428237,it
0,0.11768617,tr
0,0.33301303,es
0,0.17590412,tr
0,0.24004772,tr
0,0.30654046,it
0,0.2152203,it
0,0.16060778,tr
1,0.16057964,it
1,0.14159802,tr
0,0.21053861,es
0,0.17347038,tr
0,0.32401222,es
0,0.18138903,tr
0,0.1865833,es
0,0.2048463,it
0,0.17388768,tr
1,0.6328869,es
0,0.12713192,tr
0,0.1691163,tr
0,0.43518668,es
0,0.20722514,es
1,0.22652435,tr
1,0.29761085,it
0,0.35786563,es
0,0.14555986,tr
0,0.11832574,tr
0,0.19136192,it
0,0.19193897,tr
0,0.25805777,es
0,0.1948926,tr
1,0.17816843,tr
0,0.19209759,es
1,0.1986869,it
0,0.20249443,tr
0,0.16914932,it
0,0.3332788,es
0,0.1589153,tr
1,0.21586524,tr
0,0.1757523,it
1,0.24182789,es
0,0.22475798,es
0,0.12022965,it
0,0.17707415,tr
0,0.12869707,tr
0,0.3336424,it
0,0.23136947,it
0,0.14938395,it
0,0.25469795,es
0,0.34759498,tr
1,0.2300482,es
0,0.35170367,it
0,0.1992343,es
0,0.3334216,es
0,0.1959434,tr
1,0.12781315,it
0,0.13065916,tr
0,0.1922991,it
0,0.3527859,it
0,0.15104431,it
1,0.32088014,it
0,0.33079553,it
0,0.15808943,tr
0,0.37393793,es
0,0.24370453,it
1,0.17514732,tr
0,0.20066467,it
1,0.28400716,es
0,0.25284222,it
0,0.16039623,tr
0,0.15204613,tr
0,0.24188519,it
0,0.21937086,es
0,0.25399157,tr
1,0.13832314,es
0,0.24207392,tr
1,0.13924761,tr
0,0.16124561,it
0,0.18914743,es
0,0.10217808,tr
0,0.2424243,es
0,0.15247238,tr
0,0.18164462,tr
0,0.17337523,tr
0,0.16912243,tr
1,0.27874744,it
0,0.14352456,tr
0,0.17700489,tr
0,0.12116062,tr
0,0.41892117,es
0,0.15241756,it
0,0.20058715,es
0,0.1364268,tr
0,0.18667507,es
1,0.17125583,it
0,0.22714019,it
1,0.2643464,it
0,0.15920946,tr
0,0.20581436,tr
0,0.16432574,tr
0,0.12973133,tr
0,0.2556576,es
0,0.22191676,tr
1,0.20238912,it
1,0.30905697,it
0,0.23478398,es
0,0.17388295,it
1,0.46078452,es
0,0.15421927,tr
0,0.26594076,es
1,0.18710384,es
1,0.12642758,tr
0,0.20135131,es
0,0.3076058,es
1,0.21503362,tr
1,0.6148071,es
0,0.19143052,tr
0,0.47909734,es
0,0.25810158,it
0,0.39961904,es
0,0.16264398,tr
0,0.33102143,es
0,0.17584044,it
0,0.47274566,es
1,0.24217889,it
0,0.2499153,it
1,0.14862189,tr
0,0.16559719,it
0,0.22116035,es
0,0.22864959,it
1,0.13657835,it
0,0.15688588,tr
0,0.1678632,tr
1,0.13881361,it
0,0.20227647,it
1,0.30281264,es
0,0.15198271,tr
0,0.17470993,tr
0,0.39489245,es
0,0.12036234,tr
0,0.18506181,tr
1,0.17874776,es
0,0.16156119,tr
0,0.23566927,tr
1,0.29907688,it
1,0.34794736,it
0,0.16792987,tr
0,0.18451364,it
0,0.14635772,es
1,0.19671042,it
0,0.23870638,it
0,0.15503354,it
1,0.2775253,it
0,0.177895,tr
0,0.15554193,it
0,0.17491062,tr
0,0.3288943,tr
1,0.22357817,it
0,0.21144804,tr
0,0.16836397,tr
0,0.14851394,it
1,0.33577812,es
0,0.19796392,es
0,0.32561567,es
0,0.23247522,tr
0,0.24098255,es
0,0.16876046,it
0,0.26415327,it
1,0.7099182,es
1,0.1413743,tr
0,0.3696937,it
0,0.14664024,tr
0,0.22799577,it
0,0.2548476,it
0,0.23691474,it
0,0.17342775,it
0,0.2600329,tr
0,0.39230362,es
0,0.2275356,it
1,0.17010278,tr
0,0.2106499,it
0,0.16383085,tr
0,0.13479589,tr
0,0.20069894,tr
0,0.23596509,es
0,0.18498829,tr
0,0.20793973,es
1,0.34915164,es
1,0.4788634,es
0,0.14601852,tr
0,0.22786838,tr
0,0.20674926,tr
0,0.28899938,it
0,0.17245482,tr
0,0.15049441,tr
1,0.1475065,tr
1,0.36414677,it
0,0.15734175,tr
0,0.2587045,es
0,0.18136115,es
0,0.12164619,it
0,0.20111658,it
0,0.4455049,es
0,0.18958777,it
0,0.15987127,es
0,0.19189316,tr
0,0.233644,it
0,0.4286755,es
0,0.21101768,tr
0,0.15892974,it
0,0.1540832,tr
0,0.21598592,es
0,0.19842277,es
0,0.41141763,es
0,0.12004126,tr
0,0.15642293,es
0,0.14790529,it
0,0.117850736,it
0,0.13958849,tr
0,0.18110172,tr
0,0.17970976,es
0,0.68553126,es
0,0.11494108,tr
0,0.6142071,es
0,0.118995704,it
1,0.1824582,tr
0,0.22418083,tr
0,0.1777094,tr
0,0.16523567,it
0,0.1413365,tr
0,0.14141619,tr
0,0.20625046,es
0,0.15676603,it
1,0.11153135,it
0,0.14972003,tr
0,0.1577488,tr
0,0.23408413,it
0,0.1959643,tr
0,0.28716853,it
0,0.26128513,es
0,0.26085314,es
0,0.11470405,es
0,0.15643354,tr
0,0.13478528,it
1,0.30818683,es
0,0.1570259,tr
0,0.20768294,it
0,0.15917866,es
1,0.25664172,es
0,0.18498917,tr
0,0.18169634,es
0,0.21029043,it
0,0.17835997,tr
0,0.19679345,it
0,0.16807294,tr
0,0.23413235,es
0,0.13495529,tr
1,0.14725482,tr
0,0.19557439,it
0,0.37435466,it
0,0.17916852,tr
0,0.18092552,tr
0,0.200587,it
0,0.22007515,es
0,0.10286365,tr
0,0.1490433,tr
1,0.23815481,tr
0,0.21355309,it
0,0.21769959,es
0,0.12713367,tr
0,0.14533073,tr
0,0.30366525,es
0,0.18885815,tr
0,0.1765928,it
0,0.23579736,es
0,0.2222518,tr
0,0.17131928,tr
0,0.21267189,es
1,0.1701995,tr
0,0.15380862,es
0,0.10960413,tr
0,0.19700643,it
0,0.18444929,tr
0,0.15687515,es
0,0.19750926,it
0,0.5866098,es
0,0.291044,es
0,0.19698049,it
0,0.12895538,tr
0,0.2675531,it
1,0.20721924,es
0,0.19399655,it
0,0.1731484,tr
0,0.1793766,it
0,0.23433028,tr
0,0.14035313,it
0,0.17953794,es
0,0.14734437,it
0,0.14060976,es
0,0.17842004,tr
1,0.13832837,it
0,0.20758611,tr
0,0.55442107,it
0,0.21848798,tr
0,0.16946827,it
1,0.23247012,es
0,0.1419792,it
0,0.2516839,it
0,0.19686103,es
0,0.18349856,tr
0,0.4511678,es
1,0.31790164,it
0,0.3256794,es
0,0.12833534,tr
0,0.16577433,it
0,0.7935012,es
0,0.77118886,es
0,0.2268637,it
1,0.16251224,it
0,0.11531922,it
0,0.21352726,es
0,0.12692325,tr
0,0.24856071,it
0,0.13895638,tr
0,0.5238108,es
0,0.12800518,tr
0,0.14838834,tr
1,0.4005924,it
0,0.23703088,tr
1,0.18615292,it
0,0.19154844,es
0,0.27381387,es
0,0.1451691,tr
1,0.12112257,tr
0,0.20595205,es
0,0.18158245,it
0,0.15709707,tr
0,0.1863439,es
0,0.18854187,es
1,0.20987664,it
0,0.19203581,tr
1,0.22401883,tr
0,0.2233512,it
0,0.1903576,tr
0,0.14684959,tr
0,0.15352832,es
0,0.12895419,it
0,0.09914529,es
0,0.33285204,it
0,0.13186318,tr
0,0.17884037,tr
0,0.27822223,it
0,0.35001343,es
0,0.12699458,tr
0,0.11586697,it
1,0.37922347,it
0,0.14032252,tr
0,0.1848766,it
1,0.29838362,es
0,0.30194542,es
0,0.16576599,tr
0,0.15473905,tr
0,0.40247446,es
0,0.14952987,tr
0,0.17345944,tr
0,0.31312153,es
0,0.30980626,es
0,0.17932834,es
0,0.20696995,tr
0,0.23269656,tr
0,0.30526367,it
0,0.20048042,tr
1,0.3527265,it
0,0.32134482,it
0,0.2821164,tr
0,0.34363243,es
0,0.16219588,it
0,0.23027766,es
0,0.1787559,it
0,0.1899167,tr
0,0.58901465,es
0,0.094495855,tr
0,0.17532927,tr
0,0.2640717,tr
0,0.115135945,it
0,0.19632632,tr
0,0.25586012,es
0,0.10950176,tr
0,0.23389754,es
0,0.14198528,it
0,0.2532822,es
0,0.18623598,es
1,0.19512232,it
0,0.14882551,it
0,0.214948,tr
1,0.5222721,es
0,0.21474971,es
0,0.17204787,tr
0,0.18871205,it
0,0.1388338,tr
1,0.4138575,it
1,0.31965327,it
0,0.1928431,it
0,0.15716368,it
0,0.28461686,it
0,0.41217148,es
0,0.3053082,it
0,0.18373519,tr
0,0.19666453,it
0,0.1902627,tr
0,0.145221,es
1,0.11053233,it
0,0.2109285,it
0,0.22233172,it
0,0.22526361,tr
0,0.16067724,it
0,0.25142124,es
0,0.12667811,it
0,0.24686758,it
0,0.1524189,it
0,0.21130599,it
0,0.13106935,tr
0,0.20031218,tr
0,0.15498492,es
0,0.22954382,es
0,0.40238822,es
0,0.13813597,es
0,0.11836624,es
0,0.56088537,es
0,0.16875394,tr
0,0.22535676,tr
0,0.38872945,it
0,0.24277675,es
0,0.18323363,tr
0,0.21878865,es
1,0.28478307,es
0,0.16230105,it
0,0.62136143,it
0,0.16433248,tr
0,0.18024372,es
0,0.19562353,tr
1,0.4373774,es
1,0.8679927,es
1,0.28358483,it
0,0.17183223,it
0,0.29766738,it
0,0.16880858,it
0,0.22788715,tr
1,0.1557492,tr
0,0.096592024,es
0,0.25966907,it
0,0.16246541,tr
1,0.62197924,es
0,0.17044753,es
0,0.17448996,it
0,0.3752986,es
0,0.35007378,tr
1,0.12887894,tr
0,0.1966147,tr
0,0.17169032,tr
0,0.17129444,es
0,0.1586548,tr
0,0.1782781,tr
0,0.30183503,it
0,0.2170605,es
0,0.2002067,es
0,0.4557122,es
0,0.24157242,tr
0,0.14381276,es
0,0.15866785,it
0,0.14218208,tr
0,0.21319757,tr
0,0.34448606,tr
0,0.4265328,it
0,0.1592582,es
0,0.3313137,it
0,0.17445046,it
0,0.17761193,it
0,0.36589894,tr
0,0.24442083,it
0,0.1176723,it
0,0.10104959,tr
0,0.14075549,it
0,0.26661894,tr
0,0.13418937,it
0,0.17417121,tr
0,0.16982819,es
0,0.32877424,tr
0,0.40060592,it
0,0.18080756,it
0,0.2394102,es
0,0.5419875,it
0,0.22087912,it
1,0.19079557,it
0,0.15163544,es
0,0.32494786,it
0,0.2110738,tr
0,0.4945481,es
1,0.1415004,it
0,0.12041489,es
0,0.295992,es
0,0.23442197,it
0,0.17690594,it
0,0.37095106,es
1,0.2923918,es
0,0.20112172,it
0,0.15204357,tr
0,0.1450306,es
0,0.21231805,it
0,0.12235466,it
0,0.24594867,es
0,0.1863744,it
0,0.17505312,it
0,0.18309203,tr
0,0.17362128,tr
0,0.16932397,it
0,0.21954529,es
0,0.2904238,tr
0,0.2577959,it
0,0.22812934,it
0,0.19014992,es
0,0.30686766,es
0,0.122836806,it
0,0.17352109,es
0,0.23109396,es
0,0.27534586,es
0,0.13419054,it
0,0.2487117,it
0,0.24729177,es
1,0.13889846,es
1,0.23864982,it
0,0.1688158,es
0,0.24067739,it
1,0.25204986,it
1,0.5976716,es
0,0.1889389,tr
0,0.15142497,tr
0,0.16361612,tr
0,0.36772773,es
0,0.19386275,it
0,0.09457071,tr
0,0.14902352,es
0,0.1573219,tr
0,0.2406191,es
0,0.9393489,es
0,0.47284475,it
0,0.11380566,tr
0,0.33068925,es
0,0.16782871,tr
0,0.25480005,it
0,0.14416952,es
0,0.13830271,tr
0,0.22279562,es
1,0.2849056,es
0,0.14474374,it
0,0.2631595,es
1,0.17725152,es
0,0.16738127,tr
0,0.16720249,tr
0,0.34595078,tr
0,0.13762073,it
0,0.22054604,it
0,0.15133126,tr
0,0.17824343,it
0,0.1155283,tr
1,0.39701307,es
0,0.15404275,it
0,0.17564867,es
0,0.2923136,es
0,0.19844188,it
0,0.1545645,tr
0,0.3104688,it
0,0.26314119,it
0,0.13607766,tr
0,0.42451903,es
0,0.25327504,es
0,0.34083086,es
0,0.33965474,it
1,0.22310203,es
0,0.13989067,es
0,0.30630654,es
0,0.32637802,it
1,0.14497311,it
0,0.11785124,tr
0,0.23066087,it
0,0.22595412,es
0,0.21701857,it
0,0.29253885,tr
0,0.17959346,tr
0,0.16214702,tr
0,0.18143287,tr
0,0.15849599,tr
1,0.24652804,es
0,0.2314268,it
1,0.3260239,es
0,0.15204869,tr
0,0.17928274,tr
0,0.17626859,es
1,0.15094785,it
1,0.14754182,it
0,0.13691497,tr
0,0.16512875,tr
0,0.26330832,it
0,0.22814411,it
0,0.3991711,es
0,0.23905635,es
0,0.16714706,tr
0,0.123119175,tr
0,0.20780168,tr
0,0.19262157,tr
0,0.16523567,it
0,0.19036022,it
0,0.22584885,es
0,0.24337849,it
0,0.3158167,tr
1,0.3261837,es
0,0.2719188,es
0,0.1688114,tr
0,0.115296766,tr
0,0.21136601,tr
0,0.18396698,it
0,0.26311678,tr
0,0.68402505,es
0,0.25335783,tr
0,0.17823012,tr
0,0.24271567,tr
0,0.14007355,tr
1,0.25259155,it
1,0.22807437,it
0,0.3326113,es
0,0.2387433,es
0,0.13738921,tr
1,0.20868704,it
0,0.29503646,es
0,0.1300279,it
0,0.12213057,es
0,0.25558454,it
0,0.23017909,es
0,0.1859096,it
0,0.1550088,tr
0,0.23807181,tr
1,0.19722174,tr
1,0.15361245,es
0,0.39218366,es
0,0.12558748,tr
1,0.6844521,es
0,0.14627394,tr
0,0.1565206,tr
0,0.45132047,es
0,0.15901913,tr
0,0.2935977,es
0,0.39281926,es
0,0.19206503,es
0,0.12452766,it
0,0.14772306,it
0,0.29004723,it
0,0.20632109,tr
0,0.13947086,es
0,0.17653032,it
0,0.09184782,it
0,0.14534326,tr
0,0.26454142,es
0,0.22972266,es
0,0.19033796,it
0,0.10666891,tr
0,0.17111252,it
0,0.11138923,it
0,0.28794196,es
0,0.16206072,es
0,0.15836413,it
1,0.23087952,tr
0,0.3407077,it
0,0.3564859,it
0,0.16504568,it
1,0.15784106,tr
0,0.156828,tr
0,0.4281535,es
1,0.27976766,es
0,0.17250647,tr
1,0.15902703,it
0,0.4193946,es
1,0.19169486,tr
0,0.17577638,tr
0,0.19971338,tr
0,0.28199053,es
1,0.30617777,es
0,0.47464177,it
0,0.26342723,es
0,0.15708825,tr
1,0.8789322,es
0,0.28753182,es
1,0.21873966,tr
0,0.1168219,tr
0,0.23188652,es
0,0.13795805,tr
0,0.20298688,it
0,0.14121075,it
0,0.17320345,tr
0,0.110337585,tr
1,0.18595397,it
0,0.35931677,it
0,0.1294464,tr
0,0.19836175,es
0,0.24225448,es
0,0.18440354,tr
1,0.22235006,tr
0,0.33022416,es
0,0.11481432,tr
0,0.23018934,es
0,0.11878896,it
0,0.22553495,es
0,0.2491241,es
1,0.12632148,it
1,0.10219684,tr
0,0.2105062,tr
0,0.2567984,es
1,0.18327136,it
0,0.29836497,it
0,0.13696876,it
0,0.3883786,es
0,0.23671627,it
0,0.17622669,it
0,0.15333527,tr
1,0.23055431,it
0,0.15782742,it
0,0.1140413,it
0,0.23686413,it
0,0.23585771,it
0,0.24778165,es
0,0.25311768,it
0,0.11653028,it
0,0.55296993,it
0,0.16567113,tr
0,0.18563624,tr
0,0.22286329,es
0,0.1589359,it
0,0.1358494,tr
0,0.16339043,tr
0,0.21247241,es
0,0.15149856,tr
0,0.23371482,es
0,0.30819145,es
0,0.20586956,es
0,0.14182803,tr
1,0.24711706,es
0,0.19427644,tr
0,0.19423263,tr
0,0.16101296,tr
0,0.12116156,tr
0,0.12753917,es
0,0.1867783,it
0,0.11776436,it
0,0.15204209,es
0,0.15275437,es
0,0.2960898,es
1,0.661013,es
0,0.14200321,tr
0,0.22077799,es
0,0.14585245,tr
0,0.23917162,it
0,0.19624458,es
0,0.14835258,tr
0,0.1509914,tr
0,0.14856039,tr
1,0.12607764,it
1,0.25699455,es
0,0.1667241,tr
0,0.37243947,tr
0,0.3357551,es
0,0.24472679,es
0,0.20194356,tr
0,0.34255353,es
0,0.15204613,tr
0,0.16897093,tr
0,0.41955626,es
0,0.16523567,it
0,0.21632165,tr
0,0.26341528,es
0,0.57197446,es
1,0.13342805,it
0,0.1466258,tr
0,0.17372851,es
0,0.30573824,es
1,0.19047104,it
0,0.22498237,es
1,0.40789464,it
0,0.21876672,es
0,0.13512671,it
0,0.37231222,it
0,0.13555402,it
0,0.2751646,es
0,0.36318094,es
0,0.5688267,es
0,0.2144825,it
0,0.24441892,it
0,0.13298771,tr
0,0.11066715,it
0,0.20839821,tr
0,0.16780509,es
0,0.29714805,it
0,0.20882992,it
0,0.10706298,tr
0,0.22995007,it
0,0.34646112,es
0,0.26615238,es
0,0.099623956,tr
0,0.2388089,it
0,0.16950609,tr
0,0.17206861,tr
0,0.18011962,it
1,0.10911697,es
0,0.17181166,tr
0,0.16907805,es
0,0.2478921,es
0,0.17761143,tr
0,0.1760108,tr
1,0.3070298,tr
0,0.48299617,es
0,0.16155165,tr
0,0.1125808,tr
0,0.1566637,tr
1,0.20278718,tr
0,0.15329786,tr
0,0.47219998,es
0,0.180962,tr
0,0.2800126,it
1,0.19255453,it
0,0.19021785,it
0,0.12271289,es
0,0.15386905,tr
0,0.18130876,tr
0,0.15197088,it
1,0.16497311,tr
0,0.14811516,tr
1,0.24874702,it
0,0.8217991,es
0,0.16082513,tr
0,0.23194706,tr
1,0.14142607,tr
0,0.108437195,it
0,0.1350861,tr
0,0.102449104,it
1,0.2505083,es
0,0.17242134,tr
0,0.18882109,tr
0,0.14852856,es
1,0.4891659,es
0,0.2338198,es
1,0.19481328,it
1,0.14534518,it
0,0.2345119,tr
1,0.47448006,es
0,0.20117275,it
0,0.18748403,es
0,0.15847433,es
0,0.28944176,it
0,0.13624609,it
1,0.19465747,it
0,0.15316112,tr
1,0.1084009,it
0,0.22321996,es
1,0.14336933,it
0,0.20026577,tr
1,0.19289558,it
0,0.56069434,es
0,0.15935214,tr
1,0.7883295,es
0,0.16179155,tr
1,0.2399751,tr
1,0.12561473,it
0,0.21382241,es
1,0.6015652,es
0,0.38684297,it
1,0.7058719,es
1,0.23304154,es
0,0.16076834,tr
0,0.15713705,tr
0,0.1620317,es
0,0.15239176,tr
0,0.14839104,tr
1,0.2951354,es
0,0.2404008,it
0,0.16079725,tr
0,0.2485547,it
0,0.18528265,it
0,0.14222126,es
0,0.12491217,es
0,0.17176369,it
0,0.12007466,tr
0,0.18939134,tr
1,0.23218083,it
0,0.21734664,tr
0,0.18161552,tr
0,0.16523567,it
0,0.14730106,it
0,0.12946598,tr
0,0.1654542,it
0,0.15684445,tr
1,0.23131114,es
0,0.19453108,es
0,0.23329368,tr
0,0.24783151,es
0,0.18446653,es
0,0.3009728,es
0,0.18132485,tr
0,0.1878189,it
0,0.4593467,es
0,0.3613686,it
0,0.14853597,tr
0,0.16926411,es
0,0.06302911,it
1,0.31889457,es
0,0.16827504,tr
0,0.1480858,es
0,0.18660282,tr
0,0.22089,es
0,0.1477556,it
0,0.13592368,tr
0,0.19225775,tr
0,0.15160903,it
0,0.2096853,tr
0,0.13081983,tr
0,0.12954438,it
0,0.10197156,es
0,0.6069782,es
0,0.24710305,it
0,0.48362058,es
1,0.13293871,tr
0,0.2975835,it
0,0.32336992,es
0,0.20149946,es
0,0.21877128,tr
0,0.35325864,it
0,0.1856566,es
0,0.28647926,es
0,0.113486364,es
0,0.1579867,tr
0,0.27450982,it
0,0.11476611,tr
1,0.26912248,it
1,0.17088905,it
1,0.14472452,tr
0,0.5220515,es
0,0.3615131,es
0,0.18619058,it
0,0.13341622,tr
0,0.093508184,tr
0,0.48548928,es
0,0.24183126,it
1,0.18484287,tr
0,0.36975133,es
0,0.21615408,es
0,0.15694933,tr
0,0.19344631,es
0,0.25033557,tr
0,0.17258108,tr
0,0.23312728,tr
0,0.2538557,tr
0,0.16853055,es
0,0.15146339,tr
0,0.18394439,tr
0,0.13782854,it
0,0.23982929,es
0,0.1787173,tr
0,0.2663871,es
0,0.35031307,tr
0,0.22722225,es
0,0.32814994,tr
1,0.1918341,tr
0,0.21852082,es
0,0.1478982,es
1,0.27348837,it
1,0.15842834,tr
0,0.46355304,it
0,0.21489437,tr
0,0.20974857,es
0,0.18738224,es
0,0.19213957,tr
0,0.2797403,es
0,0.10469422,tr
1,0.29869115,it
0,0.15253618,es
0,0.18494786,tr
0,0.25342295,it
0,0.3483244,tr
0,0.12928326,tr
0,0.14632995,tr
0,0.1842693,it
0,0.18511938,tr
0,0.20401913,es
0,0.16642901,tr
0,0.20983241,it
0,0.21323963,tr
0,0.46204,es
0,0.21696445,tr
0,0.1699457,tr
0,0.10744877,tr
0,0.14803465,tr
0,0.2127496,es
1,0.2523839,it
0,0.8289936,es
0,0.17445777,tr
0,0.15941657,tr
1,0.21149771,it
1,0.23664802,es
0,0.2366688,es
0,0.14995095,tr
0,0.13983412,tr
0,0.12620986,tr
1,0.2099095,tr
0,0.50623703,it
0,0.17384014,it
1,0.67984986,es
0,0.18025322,it
0,0.1449731,tr
1,0.47237304,tr
0,0.2174797,tr
0,0.18269874,tr
0,0.19018413,tr
0,0.18477002,it
0,0.14792742,it
1,0.14442262,tr
0,0.17342229,tr
0,0.25385723,es
0,0.1736015,tr
1,0.13744971,tr
0,0.29493836,es
0,0.20370616,it
0,0.17832713,it
0,0.4140986,es
0,0.27505565,es
0,0.1937461,tr
1,0.17461929,tr
1,0.14967841,tr
1,0.54622084,tr
0,0.19299495,es
0,0.14517747,it
0,0.27840686,it
0,0.17578807,tr
1,0.16890274,tr
1,0.18425806,it
0,0.12080067,tr
0,0.13038893,tr
1,0.14749266,tr
1,0.19666371,it
0,0.1317274,tr
0,0.18161316,tr
0,0.17294997,es
1,0.22653893,it
0,0.14973195,tr
0,0.21480197,es
0,0.1580173,tr
0,0.18337528,es
0,0.09569214,tr
0,0.44137755,es
1,0.1769612,es
0,0.1885559,it
0,0.30527216,tr
0,0.1395019,tr
0,0.14908358,it
0,0.1399524,tr
0,0.118340984,tr
0,0.23017287,es
0,0.21601866,it
0,0.18321852,tr
0,0.19735275,it
0,0.17515908,it
0,0.22526298,tr
0,0.58713794,es
0,0.40050656,es
0,0.21047181,it
0,0.12688111,tr
0,0.16762231,it
0,0.18125689,tr
0,0.23776343,es
1,0.116808034,tr
0,0.12949316,es
0,0.12946598,tr
0,0.21025105,es
0,0.09778517,tr
0,0.2714511,es
1,0.23276715,tr
0,0.17011769,tr
0,0.47726005,tr
1,0.19980316,it
0,0.14713882,tr
0,0.254032,it
0,0.25856492,it
0,0.24722068,tr
0,0.14585349,it
0,0.14815977,tr
1,0.20830734,it
1,0.49480703,it
1,0.26625305,es
0,0.28919116,es
0,0.1514424,it
1,0.19517404,es
0,0.2671259,es
0,0.28012604,it
0,0.20043384,it
0,0.34976748,it
0,0.23240474,es
1,0.33124405,es
0,0.4316395,es
0,0.20781177,tr
0,0.15964706,tr
0,0.15097274,es
0,0.15986764,tr
0,0.22822341,tr
0,0.18713565,it
0,0.16559018,tr
0,0.34812218,it
0,0.14832449,tr
0,0.48089746,es
1,0.23428106,es
0,0.22473498,es
0,0.12328806,tr
0,0.13256712,it
0,0.114212155,it
0,0.20660992,tr
0,0.33391163,es
0,0.17841761,it
0,0.5423073,es
0,0.18500157,es
0,0.2537317,tr
0,0.11579071,it
1,0.14075246,tr
0,0.19882698,it
0,0.20756012,es
0,0.4780019,tr
0,0.23886172,it
0,0.30165306,it
0,0.15910459,tr
0,0.17935929,tr
1,0.25964105,es
0,0.2009473,tr
0,0.2595395,tr
0,0.4325495,es
0,0.22908437,es
0,0.36037883,tr
1,0.17319044,it
0,0.16088343,tr
0,0.21079506,it
0,0.3188783,es
0,0.14625381,tr
0,0.17406522,tr
0,0.15229778,tr
0,0.12033651,tr
0,0.102940895,it
0,0.1384363,tr
0,0.20688763,tr
1,0.45908034,tr
0,0.20197529,it
0,0.32158738,es
1,0.24573113,es
0,0.22504485,tr
0,0.17213659,es
0,0.22592987,es
0,0.14596286,tr
0,0.16465794,it
0,0.1922249,it
0,0.2861313,it
0,0.15362635,it
0,0.16605268,tr
0,0.19357644,it
0,0.12854326,it
0,0.22075768,es
0,0.13184123,tr
1,0.1620086,it
1,0.53549397,es
0,0.31736907,tr
0,0.28646323,tr
0,0.16991727,es
0,0.18250874,es
0,0.16633603,es
1,0.26907817,tr
1,0.17968722,tr
0,0.13972257,tr
0,0.2542155,it
0,0.1458858,tr
0,0.14596012,es
0,0.20523794,es
0,0.3191459,es
1,0.19946864,it
0,0.17952028,it
0,0.26223785,it
1,0.72759205,es
1,0.18359892,it
0,0.21603425,it
0,0.19073093,es
0,0.18537836,tr
0,0.16750288,tr
0,0.21314019,it
0,0.10559188,it
0,0.15222824,es
0,0.31001902,it
0,0.23684087,es
0,0.12627529,tr
0,0.24542075,es
0,0.68036336,es
0,0.17151287,tr
0,0.20942168,it
0,0.14373049,it
1,0.16078219,it
0,0.1804929,tr
0,0.1742127,it
0,0.12665962,it
0,0.18531981,tr
0,0.22772922,it
1,0.21288355,es
0,0.17023778,es
0,0.18164636,tr
0,0.16244027,it
1,0.13357596,tr
1,0.30466402,es
0,0.6312341,es
0,0.25008217,es
0,0.2596486,it
0,0.2480619,it
0,0.24389215,it
0,0.13625197,it
0,0.1695579,tr
0,0.13735345,tr
0,0.1257138,tr
0,0.27066797,tr
0,0.43116206,es
0,0.16400386,tr
0,0.2891343,es
0,0.34017715,tr
0,0.13804811,tr
0,0.24531077,it
0,0.29129732,es
1,0.9841673,es
0,0.1506901,tr
0,0.30098292,es
0,0.13470823,tr
0,0.18212958,tr
0,0.20287663,tr
0,0.29585984,it
1,0.8746015,es
1,0.11604844,it
0,0.14441535,tr
0,0.28802854,es
0,0.58712614,it
0,0.17571178,it
0,0.13507888,tr
0,0.5110956,es
0,0.2110396,tr
0,0.25002092,it
0,0.22282402,tr
0,0.181166,es
0,0.28392538,tr
0,0.27832675,tr
1,0.46063483,es
0,0.2962379,it
0,0.18325761,it
0,0.17037049,it
0,0.19865252,es
1,0.1474891,it
0,0.18090011,es
0,0.20066623,tr
1,0.19681965,tr
0,0.3954163,es
0,0.16498643,tr
0,0.44715062,es
0,0.15198638,it
1,0.24188462,it
1,0.117740735,tr
0,0.12949952,tr
0,0.17094721,es
0,0.13631976,tr
0,0.34637266,it
0,0.2654241,tr
0,0.3382415,es
0,0.2916981,it
0,0.12378073,tr
0,0.1443308,it
1,0.13102914,it
0,0.16049112,es
0,0.15569344,it
0,0.15260123,tr
0,0.31677037,it
0,0.18734403,tr
0,0.19084696,es
0,0.17196913,es
0,0.14345083,it
0,0.17137316,es
0,0.20016271,es
1,0.26282847,it
0,0.15538286,tr
0,0.43555453,es
0,0.17671445,es
1,0.28909656,it
0,0.24759665,es
0,0.2132372,es
0,0.18549989,it
0,0.152642,it
0,0.35263735,es
0,0.29305732,it
0,0.16817527,tr
0,0.17950651,tr
0,0.31204003,es
0,0.43020675,es
0,0.16454199,tr
0,0.15674183,tr
0,0.1829551,it
0,0.3080591,es
0,0.26178455,es
0,0.13628364,it
0,0.16787788,tr
0,0.18664862,tr
0,0.1677691,tr
0,0.23537429,tr
0,0.8713963,es
0,0.1350861,tr
0,0.19779839,it
0,0.5685467,es
1,0.1866408,tr
0,0.1260973,tr
0,0.25604197,es
0,0.5390751,tr
1,0.17597717,it
0,0.17562598,es
0,0.16711651,tr
0,0.18598421,it
0,0.26296338,it
0,0.20829947,es
0,0.17696685,es
0,0.1294388,tr
1,0.29934955,it
0,0.34684744,tr
0,0.15055527,tr
0,0.17755717,tr
0,0.16882297,tr
0,0.1637763,tr
0,0.14921047,tr
0,0.24145098,tr
0,0.18630081,tr
0,0.3248343,es
0,0.33673128,es
0,0.18227205,tr
0,0.1813371,es
0,0.14370613,it
0,0.19514823,es
1,0.19342527,es
0,0.2620732,it
0,0.13430925,tr
0,0.19567941,it
0,0.27837443,es
0,0.27306175,it
0,0.19755897,tr
1,0.39465657,es
1,0.273682,es
0,0.1721186,tr
0,0.193844,it
0,0.2383967,tr
0,0.17317662,tr
0,0.12846528,tr
0,0.13998239,tr
0,0.40076393,es
1,0.26571947,es
0,0.21320927,tr
0,0.12701945,it
0,0.13034584,tr
1,0.22334601,it
0,0.17309245,tr
0,0.18138017,es
0,0.16181467,tr
1,0.5022255,es
0,0.24815577,tr
0,0.16188109,tr
0,0.15988982,tr
0,0.13278589,it
0,0.86161494,es
0,0.2693647,es
0,0.15851825,it
0,0.14880614,es
0,0.23995297,es
0,0.14437856,tr
0,0.19139752,tr
0,0.14195925,it
0,0.14417294,it
0,0.24151972,es
0,0.18986213,tr
1,0.5594679,es
0,0.17313085,tr
0,0.20309971,tr
0,0.12096773,tr
1,0.14479248,it
1,0.21903995,es
0,0.16321509,tr
0,0.25303918,tr
1,0.22333631,es
0,0.18253084,tr
0,0.14147708,tr
1,0.19900346,it
0,0.13905935,tr
0,0.19905214,it
0,0.61398923,es
0,0.25041047,tr
0,0.55798405,es
0,0.15713286,tr
0,0.16523567,it
0,0.25327456,es
1,0.16258183,tr
0,0.169486,es
0,0.35557055,tr
0,0.26882866,it
0,0.15785766,tr
0,0.25875765,it
0,0.30902714,es
0,0.90092874,es
1,0.1365907,it
0,0.18334585,tr
0,0.14135203,it
0,0.20753294,tr
1,0.32567564,it
0,0.38567227,tr
0,0.25541392,es
0,0.16698205,tr
0,0.20342496,it
0,0.15584475,tr
1,0.41362324,tr
0,0.12668023,tr
0,0.16523054,tr
0,0.20318009,es
1,0.27271092,it
0,0.47156948,es
0,0.13087367,tr
1,0.3836578,es
0,0.65967387,es
0,0.34786972,es
0,0.1881773,it
0,0.12923442,tr
1,0.14277263,es
1,0.26052138,es
0,0.1825356,tr
1,0.1285914,tr
0,0.15341066,tr
0,0.16967852,tr
0,0.28243482,es
0,0.12847239,tr
0,0.12067071,tr
0,0.08812288,tr
0,0.16523567,it
0,0.23081964,es
0,0.16523567,it
0,0.74055153,it
1,0.31683224,es
0,0.20285897,tr
0,0.16517994,it
0,0.12873141,tr
0,0.15303868,tr
1,0.20314713,it
0,0.23948172,es
0,0.30828986,es
0,0.13053031,tr
0,0.31773978,it
0,0.26192304,it
0,0.4778666,es
0,0.15020011,tr
0,0.34726357,es
0,0.12461986,it
0,0.15096849,it
0,0.12531109,it
1,0.3603099,es
0,0.15285082,es
0,0.21180935,it
0,0.28451928,it
0,0.15645742,es
0,0.15815526,it
1,0.16382588,tr
0,0.3355263,it
0,0.17292716,es
0,0.17466626,it
0,0.28172204,es
0,0.21155173,es
0,0.28278688,it
0,0.16210625,tr
0,0.17920464,it
0,0.21786998,it
0,0.1411059,es
0,0.15138692,tr
0,0.08225487,tr
0,0.13453346,es
0,0.25815818,it
0,0.17467591,it
0,0.16678554,es
0,0.14696564,tr
0,0.18024684,tr
1,0.20201674,tr
0,0.39971164,es
0,0.63846266,es
0,0.18472847,it
0,0.34174183,it
0,0.21715292,it
1,0.3350533,es
0,0.2861167,es
0,0.14974855,tr
0,0.13231897,tr
0,0.15485981,tr
0,0.13773398,tr
1,0.11429408,es
0,0.17753568,es
0,0.11834994,tr
0,0.33136177,es
1,0.19304226,es
0,0.2575545,it
0,0.2112639,tr
0,0.12788984,tr
1,0.108054414,it
0,0.1687911,tr
0,0.19436572,tr
0,0.20534135,tr
0,0.14253159,tr
0,0.18285254,tr
1,0.26918912,it
1,0.121416055,it
0,0.8429065,es
0,0.122732654,es
0,0.15369268,tr
0,0.20037542,es
0,0.20093893,es
0,0.15601277,it
0,0.10824786,tr
0,0.24803966,it
0,0.1821283,es
0,0.11801821,tr
0,0.28079924,it
1,0.24979025,es
0,0.25764388,es
0,0.2160682,tr
0,0.23052157,it
1,0.18761224,tr
0,0.2748422,es
0,0.3229344,it
0,0.19058007,it
0,0.17834884,it
0,0.11620211,it
0,0.17770056,tr
0,0.22425747,tr
0,0.0732221,es
0,0.15594791,it
0,0.18615603,it
0,0.22316562,it
0,0.17528681,es
0,0.30483127,es
0,0.14994484,it
0,0.30235696,it
0,0.21245812,it
1,0.14749224,tr
0,0.19299264,es
0,0.17586605,tr
0,0.15031657,tr
0,0.18429372,tr
0,0.1543719,tr
0,0.25714147,tr
0,0.26480207,tr
0,0.16167574,tr
0,0.1451508,it
0,0.16623838,tr
0,0.14193724,tr
1,0.16164201,tr
0,0.16643733,es
0,0.19485094,es
0,0.15951721,tr
0,0.357681,es
0,0.12869695,it
0,0.32860872,es
0,0.2485974,tr
0,0.17205223,tr
0,0.22285116,es
0,0.42500338,es
1,0.12665954,tr
0,0.092378266,tr
0,0.21836217,it
1,0.27527553,es
0,0.1718862,es
0,0.21388994,es
0,0.16797495,es
1,0.17000622,tr
0,0.17596266,es
0,0.1704847,es
0,0.5179121,es
0,0.2158873,tr
0,0.17734553,tr
0,0.19119231,tr
0,0.105613515,tr
0,0.15560119,it
0,0.19417004,es
0,0.5425012,es
0,0.19086702,es
0,0.2984393,es
0,0.13557455,tr
1,0.46203604,it
0,0.18687454,tr
0,0.15669303,it
1,0.25290832,es
0,0.09199665,tr
0,0.16414368,tr
0,0.346155,es
1,0.21496737,tr
0,0.13574366,tr
1,0.42018825,it
0,0.19698904,it
0,0.17846149,it
0,0.37333775,es
0,0.055849783,tr
0,0.13197728,tr
0,0.3571761,es
0,0.21014094,it
0,0.21367715,tr
0,0.15031698,tr
0,0.22664925,tr
0,0.18403894,it
0,0.17189717,tr
0,0.16739501,it
0,0.46161163,tr
0,0.16511738,tr
0,0.120802656,it
1,0.28820017,it
0,0.22813895,it
0,0.17631173,tr
0,0.23414119,it
0,0.12863764,it
1,0.1272846,it
0,0.28729832,tr
0,0.25373742,es
0,0.23980184,it
0,0.13071035,tr
0,0.14225282,tr
0,0.17294972,es
0,0.24267481,it
0,0.26756242,tr
0,0.3228294,tr
0,0.1147958,it
1,0.16356976,tr
1,0.22782563,es
0,0.14138374,tr
0,0.19324103,it
0,0.3243553,tr
0,0.28852725,tr
0,0.16235282,tr
0,0.19074336,tr
0,0.5792925,es
0,0.21339802,it
0,0.21340552,tr
0,0.19002554,it
0,0.43135208,es
1,0.14583275,es
1,0.12922493,it
0,0.15133925,tr
0,0.16325185,es
0,0.22190079,it
0,0.20527835,es
0,0.16545415,it
0,0.36271304,es
0,0.23854184,it
0,0.11403644,tr
0,0.14798337,tr
0,0.18472342,tr
0,0.21984096,es
1,0.7021084,es
0,0.14821783,it
0,0.29241464,it
0,0.21254063,es
0,0.1608633,es
0,0.25319177,it
0,0.22723177,es
0,0.31413475,it
1,0.2121155,it
0,0.21089482,it
1,0.16434126,tr
0,0.20280369,it
0,0.45526588,es
0,0.3527341,it
0,0.19150376,it
1,0.16268997,tr
0,0.2034549,es
0,0.20974089,tr
0,0.17644475,es
0,0.2663889,es
0,0.1309622,es
0,0.123837195,it
0,0.18758507,it
0,0.21848798,tr
0,0.18968129,tr
0,0.25230947,es
0,0.36381844,es
0,0.5552583,es
0,0.20526397,tr
0,0.16635522,tr
0,0.106500305,tr
0,0.14783156,it
0,0.2256022,es
0,0.20926319,it
0,0.16207299,tr
1,0.40640315,es
0,0.3179236,es
0,0.20316646,es
0,0.3061693,tr
0,0.15258896,tr
1,0.17657949,it
0,0.33959433,es
0,0.27536654,it
0,0.5011624,es
0,0.24498238,tr
0,0.20720135,es
0,0.1958442,tr
0,0.13356508,tr
1,0.25548398,es
1,0.3142248,it
0,0.29670328,it
1,0.15711935,it
0,0.11431466,it
0,0.17979215,it
0,0.14237627,es
0,0.1810928,es
0,0.21327731,es
0,0.13170573,tr
0,0.17937095,tr
0,0.12616093,it
1,0.16531128,tr
0,0.28390917,tr
0,0.24485046,es
0,0.21573277,es
0,0.18632182,tr
0,0.21443039,it
0,0.23372497,es
1,0.15751563,tr
0,0.16393283,it
1,0.54253113,es
0,0.23410511,it
0,0.19666581,it
1,0.2162709,es
0,0.16897547,tr
1,0.16174933,it
0,0.30043066,es
0,0.22069077,es
0,0.22184464,tr
0,0.15089962,it
0,0.16125917,it
0,0.20774578,tr
0,0.16168962,tr
0,0.14922953,es
0,0.22206913,tr
0,0.15866968,es
0,0.15036064,tr
0,0.16927102,tr
0,0.12709665,tr
0,0.12850064,tr
0,0.12655978,es
0,0.15602729,tr
0,0.20188504,tr
0,0.24294317,it
0,0.11845059,tr
0,0.11255818,tr
0,0.18938272,tr
0,0.18293898,tr
0,0.3192779,it
0,0.15124752,tr
1,0.16314848,it
0,0.09020563,tr
0,0.2118257,es
0,0.15436728,tr
0,0.16082658,tr
0,0.1133306,tr
0,0.14745677,tr
0,0.2164828,es
1,0.34123987,it
0,0.17466281,es
0,0.22065935,tr
0,0.15078275,tr
0,0.22234993,es
0,0.19326796,es
1,0.17082036,it
0,0.1658529,it
0,0.13853005,tr
0,0.23535226,tr
1,0.24442661,tr
0,0.17135306,es
0,0.17555788,tr
0,0.2629163,es
0,0.28648576,es
0,0.17275566,it
0,0.18315366,it
0,0.17457199,it
0,0.42858866,es
0,0.22201525,tr
0,0.24105899,es
0,0.27370152,es
1,0.127127,es
0,0.16194789,tr
1,0.18387543,it
0,0.1898942,it
0,0.17492813,tr
0,0.22747257,it
0,0.19290516,it
0,0.14946453,tr
0,0.652537,it
0,0.062205546,tr
0,0.2528842,tr
0,0.1582012,tr
0,0.17986462,es
0,0.1480682,tr
0,0.15689005,tr
0,0.1587439,es
1,0.29774505,es
0,0.36602044,es
0,0.17352787,tr
0,0.49569687,es
0,0.17406417,es
0,0.10534122,tr
0,0.2389944,tr
0,0.20758301,tr
0,0.14901586,tr
0,0.3405461,es
0,0.2015564,es
0,0.13358206,tr
1,0.13783842,it
0,0.19103563,tr
0,0.1720027,tr
0,0.16026224,es
0,0.38089612,it
1,0.14540744,tr
0,0.16697861,tr
0,0.43531415,es
0,0.17415337,es
1,0.12467631,tr
0,0.43463793,es
0,0.13996597,es
0,0.13637848,es
0,0.18997325,it
0,0.19863898,it
0,0.11638841,tr
0,0.3579473,es
0,0.19742051,tr
0,0.15101117,tr
1,0.20139992,tr
0,0.2855384,it
0,0.21558024,tr
0,0.2506796,tr
0,0.18413866,tr
0,0.15242034,tr
0,0.22340144,it
0,0.15734859,it
0,0.1718368,tr
0,0.2946302,es
1,0.12053562,tr
0,0.18685003,tr
0,0.26513454,tr
0,0.12073193,tr
0,0.13673018,tr
0,0.22058144,es
0,0.2590279,es
0,0.20416632,it
0,0.11721213,tr
0,0.12663005,it
0,0.24278899,tr
1,0.15863584,tr
0,0.26008257,es
0,0.12958327,it
0,0.21420948,es
1,0.28296408,es
0,0.1694296,tr
0,0.27747202,es
0,0.12439707,tr
1,0.37492394,it
0,0.36192262,tr
0,0.3689159,es
0,0.15204613,tr
0,0.16434161,es
1,0.34541836,es
0,0.15514673,tr
1,0.13887505,it
0,0.78527796,es
1,0.29258165,it
0,0.1319801,tr
0,0.23220474,it
0,0.15349662,tr
0,0.15201364,tr
0,0.20016006,tr
0,0.15429546,es
0,0.21795449,it
0,0.13992256,it
0,0.20469008,tr
1,0.21525049,it
0,0.33038366,it
0,0.22527978,es
0,0.90907234,es
0,0.12287472,tr
0,0.20568378,es
0,0.20604038,es
0,0.15890105,tr
0,0.18922693,tr
0,0.1920832,es
0,0.19793281,tr
0,0.16935563,tr
0,0.20347564,tr
1,0.15641831,tr
0,0.1580256,tr
0,0.17088707,tr
0,0.22842234,tr
0,0.17936283,it
1,0.55609536,es
0,0.29509953,es
1,0.35262433,it
0,0.2938016,tr
0,0.17772889,it
0,0.1807328,es
1,0.31254914,it
0,0.12837562,tr
0,0.44559535,it
0,0.23569363,es
0,0.19717747,es
0,0.19994524,it
0,0.20390269,es
0,0.22130476,it
0,0.1978101,tr
0,0.16076663,tr
0,0.12344105,it
0,0.11806261,es
0,0.15673266,tr
0,0.23333259,es
0,0.17016178,it
0,0.2880524,it
0,0.111575134,tr
0,0.22168057,es
0,0.46988454,it
1,0.80001986,es
0,0.1537122,it
0,0.2952718,es
0,0.15426482,tr
0,0.205998,tr
0,0.22704042,es
0,0.2509447,es
1,0.23274137,it
0,0.23520671,tr
0,0.46673834,es
0,0.18543574,tr
0,0.5663066,es
0,0.15520786,it
0,0.3245714,it
1,0.27597827,es
0,0.12107141,it
1,0.24721517,it
0,0.27145895,es
0,0.21115623,it
0,0.17700088,tr
0,0.57513493,es
0,0.15424101,tr
0,0.1252588,it
0,0.23579566,tr
0,0.18347214,es
0,0.19158866,tr
0,0.17246626,tr
0,0.12829986,tr
0,0.25233492,es
0,0.11586372,it
0,0.12553716,es
0,0.20306994,tr
0,0.17324014,tr
0,0.25708148,tr
0,0.1683135,tr
0,0.20763104,es
0,0.20471075,es
0,0.28385437,tr
1,0.10111675,tr
1,0.17426333,tr
0,0.13876314,es
0,0.12327834,it
1,0.27303216,tr
0,0.16137782,tr
1,0.19041412,tr
0,0.12774315,tr
0,0.17208159,es
0,0.28281802,es
0,0.22092848,it
0,0.11057428,it
0,0.31099302,es
0,0.37984678,it
0,0.14453502,tr
0,0.3106246,es
0,0.42061377,es
0,0.17669007,it
0,0.18995121,tr
1,0.13968192,tr
1,0.23875073,es
0,0.23726152,it
0,0.25161284,es
1,0.15662703,it
0,0.14394644,tr
0,0.30255955,it
0,0.23652431,es
0,0.1590297,es
0,0.16736636,it
0,0.3813138,es
0,0.16062316,tr
1,0.29251537,it
1,0.23348303,es
1,0.16902743,it
0,0.13626608,tr
0,0.2416703,es
0,0.17739789,it
0,0.113454185,tr
0,0.54672277,es
0,0.16317695,it
0,0.15865913,tr
0,0.17770948,it
0,0.1400329,tr
0,0.16086279,tr
0,0.1413662,it
0,0.18596584,tr
0,0.15517384,tr
0,0.3293195,es
0,0.13427202,it
0,0.1457509,tr
1,0.31412545,es
0,0.32374582,es
0,0.21290377,tr
0,0.13777845,tr
0,0.30574054,es
1,0.22213805,tr
0,0.17029981,tr
0,0.18685003,tr
1,0.1998845,it
0,0.3029637,it
0,0.28647286,es
0,0.23068023,es
0,0.2689932,it
0,0.24601646,es
0,0.13908756,tr
0,0.16360381,it
1,0.2857719,es
0,0.22606704,it
0,0.1727721,tr
0,0.14066446,it
0,0.20529862,tr
0,0.31078893,tr
1,0.49685684,es
0,0.16454914,tr
0,0.25248072,es
0,0.16648968,es
0,0.24071042,tr
0,0.40381652,es
0,0.16492875,it
0,0.1823625,tr
0,0.20668273,es
1,0.21651275,tr
0,0.16425677,it
1,0.49606347,es
0,0.12592177,es
0,0.12750082,tr
0,0.3621031,es
1,0.24771848,es
0,0.34340754,es
0,0.15397912,it
1,0.48873943,it
0,0.19462125,tr
1,0.24652776,tr
0,0.18215899,it
0,0.16373679,it
0,0.13848257,tr
0,0.14774837,tr
1,0.5120173,es
0,0.113832325,it
0,0.09825713,it
0,0.17323168,it
0,0.24387062,it
0,0.1397711,tr
0,0.12530717,tr
0,0.23187026,it
0,0.15294933,es
0,0.47348666,es
0,0.17646684,es
0,0.15658392,tr
0,0.4896741,es
0,0.4355465,es
0,0.24359277,es
0,0.3374014,es
1,0.2147205,it
0,0.1350007,tr
0,0.18679099,it
0,0.16994375,tr
0,0.23174292,tr
0,0.147833,it
0,0.25086772,es
0,0.26254264,it
1,0.16946226,es
0,0.27719924,es
0,0.115606174,tr
0,0.12703082,tr
0,0.17726429,it
0,0.1375977,es
0,0.19559681,it
0,0.24692686,es
0,0.15977013,it
0,0.19848698,it
0,0.2091691,tr
0,0.11195083,tr
1,0.30084246,es
1,0.16394384,it
0,0.23964038,es
0,0.14341086,tr
0,0.73259234,es
0,0.24252404,es
0,0.21477662,it
0,0.1713975,tr
0,0.25865355,es
0,0.27213413,es
0,0.20679739,es
0,0.13363871,tr
0,0.16631597,es
0,0.28367943,es
0,0.5409625,es
0,0.53562564,tr
0,0.22362798,it
0,0.4633136,es
0,0.19492003,it
0,0.19111657,it
0,0.29343623,es
0,0.3245226,es
0,0.27000558,it
0,0.17790768,tr
0,0.16920032,it
0,0.19583608,it
1,0.1793322,tr
0,0.22203842,es
0,0.15556026,it
1,0.4275887,es
0,0.17972949,tr
0,0.16385283,it
0,0.2125926,es
1,0.12367109,it
0,0.17836337,it
0,0.12504214,tr
1,0.29065135,es
0,0.29307932,it
0,0.14158387,it
0,0.17862576,tr
0,0.21030127,it
0,0.16912347,es
0,0.11698016,tr
0,0.14712739,tr
0,0.14788747,es
0,0.54666346,it
1,0.5216619,es
0,0.07393,tr
0,0.11267901,tr
0,0.2684725,it
0,0.6825471,it
0,0.13828155,tr
0,0.25417513,it
0,0.4141763,es
0,0.15580742,it
0,0.18122625,es
0,0.22867201,es
0,0.16726948,tr
0,0.11564209,tr
1,0.18755233,it
0,0.175288,it
1,0.23293555,es
0,0.11065393,it
0,0.20077147,tr
1,0.31491873,it
0,0.16828462,tr
0,0.112005286,es
0,0.3954484,es
0,0.1520058,tr
0,0.17595434,tr
1,0.39038855,es
0,0.27419913,es
1,0.6113726,it
0,0.16399013,tr
1,0.193189,it
0,0.17716141,tr
1,0.22289583,es
0,0.12019121,it
1,0.20659603,tr
0,0.13715577,tr
0,0.26357406,it
0,0.2968709,es
0,0.16593084,it
0,0.36118135,es
0,0.17512348,it
0,0.13063511,tr
0,0.2428206,es
0,0.18312694,tr
0,0.28568852,es
0,0.25522938,es
0,0.18833241,tr
0,0.17583205,tr
1,0.41524875,es
0,0.32862562,es
0,0.16893066,es
0,0.25387675,tr
0,0.1934992,tr
0,0.2093292,tr
1,0.32422528,it
0,0.38931328,it
0,0.1179029,tr
0,0.15679914,tr
0,0.19193389,es
0,0.3166966,it
1,0.30805892,it
1,0.17780611,tr
0,0.25298154,it
0,0.2231583,es
0,0.11636209,tr
0,0.25641975,it
0,0.13034584,tr
0,0.7906011,es
0,0.14340314,tr
0,0.27174202,es
0,0.20620404,tr
0,0.119482,tr
0,0.21192117,es
1,0.41540018,es
0,0.16680616,tr
0,0.1425579,tr
0,0.17737716,tr
0,0.29491422,es
0,0.14750691,it
0,0.13642572,it
0,0.18908373,tr
0,0.11900134,es
1,0.18532471,es
0,0.1418715,tr
0,0.22974393,it
0,0.1498624,it
0,0.95031637,it
0,0.1130794,tr
0,0.19667803,tr
0,0.16739298,it
0,0.16384596,tr
0,0.1799819,it
0,0.12725927,tr
0,0.25317773,it
0,0.13044423,it
0,0.39405143,es
1,0.17837031,it
0,0.36202314,es
0,0.17102253,tr
1,0.21778767,it
0,0.18131691,es
0,0.14684823,tr
0,0.19735964,es
0,0.13830361,it
0,0.18051608,es
0,0.31834844,es
1,0.19768754,es
0,0.2045711,it
0,0.22557436,es
0,0.33245826,es
0,0.18611151,tr
0,0.20008044,tr
0,0.27288032,es
0,0.30269206,es
0,0.08618778,tr
0,0.13905512,tr
1,0.083976395,it
0,0.17641835,es
0,0.48996222,es
0,0.1559419,it
0,0.41051278,it
0,0.29340747,it
0,0.42133564,es
0,0.17202605,it
1,0.15124173,it
0,0.22614753,it
0,0.12876163,es
0,0.37978125,es
1,0.15297428,it
0,0.19295317,es
0,0.2050477,tr
0,0.20103624,tr
0,0.13436255,it
0,0.114135,tr
0,0.1895215,es
0,0.27209443,it
0,0.14876585,tr
0,0.14130032,it
1,0.2029325,it
0,0.15204613,tr
0,0.2914815,es
0,0.1294142,tr
0,0.16089049,tr
0,0.38025004,es
0,0.19585603,tr
0,0.24020082,es
0,0.1598611,it
0,0.20280176,it
1,0.38206384,it
0,0.17534712,tr
0,0.1839823,tr
0,0.11764685,tr
0,0.15566304,es
0,0.14250483,it
0,0.19723065,tr
0,0.14876431,tr
1,0.85712075,es
0,0.23246507,tr
0,0.21122155,it
0,0.17829084,tr
0,0.20499153,es
1,0.5935096,es
0,0.18411137,tr
0,0.19684596,es
0,0.42026252,es
0,0.1697122,tr
0,0.20133431,tr
0,0.13086437,tr
0,0.21627548,it
0,0.25363722,es
0,0.13304847,it
0,0.15354538,tr
0,0.21735334,it
0,0.22140676,tr
0,0.26895517,it
0,0.17591627,it
0,0.15496527,it
0,0.34312722,it
0,0.12437556,it
0,0.16638216,tr
0,0.21820217,it
0,0.14573504,es
1,0.27305964,it
1,0.18744992,es
1,0.37298054,it
0,0.34609923,es
1,0.26368803,es
0,0.23899612,tr
0,0.19222268,es
0,0.16044052,it
0,0.113614544,tr
0,0.16476749,tr
0,0.23694898,es
1,0.1689994,it
0,0.18548545,tr
0,0.15088043,it
0,0.47348988,it
0,0.18080361,es
1,0.0988912,tr
0,0.18441282,tr
0,0.22655205,it
1,0.16088906,it
0,0.16402453,tr
0,0.2765453,it
0,0.26819763,it
0,0.15595408,tr
0,0.19060856,tr
0,0.23965973,it
1,0.1236221,it
0,0.6344044,es
0,0.15151732,tr
0,0.28566396,es
0,0.20519617,es
0,0.32342416,it
0,0.13389775,tr
0,0.15360397,it
0,0.26386198,es
1,0.11240754,tr
0,0.29066104,tr
0,0.46151352,es
0,0.1713574,tr
1,0.8071409,es
0,0.18554036,tr
0,0.15280133,tr
0,0.349559,es
0,0.13340221,it
0,0.21619545,es
0,0.24551876,it
0,0.09788419,es
1,0.3727261,es
0,0.16543138,it
0,0.19120833,tr
0,0.20247944,tr
0,0.24788292,es
0,0.12378748,it
0,0.20529836,it
1,0.3259063,it
0,0.26501614,tr
0,0.27204508,es
0,0.17502896,es
0,0.14632477,it
1,0.73540884,es
1,0.17209192,it
0,0.18656272,tr
0,0.16619855,tr
0,0.06947659,it
0,0.2165562,it
0,0.25439984,tr
0,0.22212394,tr
0,0.12663706,tr
0,0.29741925,it
0,0.21762608,es
0,0.24925733,it
0,0.13912262,tr
0,0.18683729,tr
1,0.23427942,tr
0,0.2506087,es
0,0.17515737,it
0,0.1835548,tr
0,0.13589686,tr
0,0.40627593,it
0,0.16974378,tr
0,0.5045648,tr
0,0.15080823,tr
0,0.20828196,tr
0,0.14437896,tr
0,0.2793407,es
1,0.18097688,tr
1,0.5377019,it
0,0.49513975,es
0,0.45703998,it
0,0.1750299,tr
0,0.23186436,it
0,0.26008126,es
0,0.17971815,tr
0,0.1839823,tr
0,0.15483908,tr
0,0.2083601,it
0,0.16136226,tr
0,0.19261138,tr
0,0.16128337,it
0,0.4014945,es
0,0.18367347,tr
0,0.1538556,tr
0,0.16701514,tr
0,0.29785445,it
0,0.19278999,tr
0,0.25987473,es
0,0.25143105,it
0,0.2352929,tr
0,0.16119567,it
0,0.14624508,es
0,0.18428725,es
0,0.1632712,tr
0,0.21740903,tr
0,0.12322044,it
0,0.50146973,es
0,0.72173107,es
0,0.19921969,tr
0,0.33950385,es
0,0.27134773,it
0,0.13999766,tr
0,0.22179575,tr
0,0.10834626,tr
0,0.21333934,it
0,0.15865083,es
1,0.19684386,it
0,0.29828417,es
0,0.15191877,tr
0,0.11474502,it
0,0.7765481,it
0,0.21464029,es
0,0.28104714,it
0,0.22956946,it
0,0.42385,tr
0,0.21771844,it
0,0.3205246,it
0,0.21624383,tr
0,0.19912273,it
0,0.1630656,es
1,0.15694757,it
1,0.16963823,tr
0,0.25261438,es
0,0.0867861,tr
0,0.14574872,it
0,0.0954364,tr
1,0.2433725,it
0,0.14058049,it
0,0.15578797,es
0,0.29665032,es
0,0.17057413,es
0,0.19600984,es
0,0.22333573,it
0,0.40420967,es
1,0.20691167,it
0,0.5921423,it
0,0.23078251,es
0,0.115873255,es
0,0.33559984,es
1,0.3904371,es
0,0.36373928,tr
0,0.4277305,es
0,0.48257327,es
0,0.20485342,es
0,0.15146358,it
1,0.93479437,es
1,0.34969148,es
0,0.121588565,tr
0,0.53959453,es
0,0.22475736,es
1,0.16893262,it
0,0.18041216,it
0,0.14893676,tr
1,0.13541923,it
1,0.2383521,tr
0,0.18104857,it
0,0.13395974,tr
0,0.15003517,tr
0,0.1991705,tr
0,0.15133925,tr
0,0.17532836,es
0,0.20442577,tr
0,0.36055624,es
1,0.21374263,es
0,0.21213777,es
1,0.2037516,tr
0,0.425878,es
0,0.23511173,it
0,0.16061318,tr
0,0.20221739,it
0,0.22574905,it
0,0.12986067,it
0,0.18730268,tr
1,0.30958605,it
0,0.09714994,tr
0,0.25002536,it
0,0.09270524,tr
0,0.14208376,tr
0,0.19948974,tr
0,0.29643935,it
0,0.17651246,es
0,0.10365838,tr
0,0.10106204,tr
0,0.1374269,tr
0,0.23398039,es
0,0.13921984,it
0,0.1629937,es
0,0.21891789,es
0,0.19356307,tr
0,0.14580669,tr
0,0.17755063,tr
0,0.15706955,es
0,0.22703448,es
1,0.20717295,tr
0,0.23936161,it
0,0.12846056,tr
0,0.15974967,tr
0,0.21835956,tr
0,0.14610544,it
0,0.37797937,es
0,0.17692213,es
0,0.20077667,tr
0,0.14626196,it
0,0.21107651,es
0,0.2571877,es
0,0.2571111,tr
0,0.17429207,tr
0,0.21720967,es
0,0.20844471,tr
0,0.11269096,tr
1,0.1499093,it
0,0.32384518,es
1,0.15836516,es
0,0.16859138,tr
0,0.16780567,tr
1,0.28845048,it
0,0.40741742,it
0,0.29131794,it
0,0.16420446,tr
0,0.3288811,es
0,0.1784916,tr
0,0.1748591,it
1,0.1669593,it
0,0.124960035,it
1,0.15721786,tr
1,0.20825322,es
0,0.22332726,tr
0,0.10659471,it
0,0.21646304,it
0,0.4724084,es
0,0.34415552,it
0,0.11331145,it
0,0.12693785,es
1,0.23930094,es
0,0.18727672,it
0,0.25455752,es
0,0.19029066,tr
0,0.20001397,it
0,0.15935346,tr
1,0.32774317,it
0,0.186902,it
0,0.20185116,tr
0,0.23665471,es
0,0.13017657,tr
0,0.16156763,es
0,0.13107483,tr
0,0.13163495,es
0,0.15442531,tr
0,0.22307877,it
0,0.16229357,es
0,0.13625124,es
0,0.17360353,tr
0,0.23716174,it
0,0.216948,it
1,0.24267752,it
0,0.45525715,it
0,0.15080558,it
0,0.14275147,tr
0,0.27662235,es
0,0.3617136,es
0,0.15663329,es
0,0.20662877,tr
0,0.17009424,tr
0,0.2602348,tr
0,0.13808256,it
0,0.68090796,it
0,0.5282196,es
0,0.18239772,it
0,0.21689755,es
0,0.18914078,es
0,0.11979331,es
0,0.20944408,it
1,0.22313017,tr
0,0.43079424,es
0,0.33181062,es
0,0.21309315,tr
0,0.17396839,it
0,0.18757153,tr
0,0.18080105,it
0,0.26331952,tr
0,0.18401384,tr
0,0.15887487,tr
0,0.10287856,tr
0,0.29407582,es
0,0.28625828,es
0,0.360556,es
0,0.39588195,it
0,0.3441383,it
0,0.1839823,tr
0,0.1350861,tr
0,0.12908205,it
0,0.27466273,it
0,0.20872721,tr
1,0.33494142,es
0,0.15785314,it
0,0.16313422,tr
0,0.19112387,tr
0,0.18964007,tr
0,0.22366443,it
0,0.2793688,es
0,0.052957024,tr
0,0.18708792,es
1,0.2395233,it
0,0.16040874,tr
0,0.2463742,es
0,0.16095832,tr
0,0.21327206,it
0,0.1652293,tr
0,0.33154982,es
0,0.17845492,es
1,0.150582,es
0,0.22807139,tr
0,0.20545931,it
0,0.23566344,es
0,0.19803722,es
0,0.24641468,it
0,0.16902784,it
0,0.09573106,tr
1,0.23772566,es
1,0.6909544,es
0,0.19600466,tr
0,0.22247589,es
0,0.18893151,it
0,0.16302569,es
0,0.22125101,it
0,0.22420546,it
0,0.17807084,tr
0,0.31322327,es
1,0.1935197,it
0,0.1353586,tr
0,0.2524402,es
0,0.12978537,tr
0,0.1846826,tr
0,0.14595456,tr
1,0.16996464,es
0,0.16117606,tr
0,0.17600878,tr
1,0.16587572,it
1,0.3024048,es
0,0.2726802,es
1,0.20126042,es
0,0.19175255,tr
0,0.18273874,it
1,0.18415672,it
0,0.33296508,it
1,0.14995845,es
1,0.16695473,it
0,0.16110009,tr
0,0.15133289,it
0,0.116239004,es
0,0.13791892,it
1,0.49208325,es
0,0.2042802,tr
0,0.23008774,it
1,0.3729348,es
0,0.31034568,es
0,0.16314289,tr
0,0.23006338,es
0,0.18609293,es
0,0.23961268,es
0,0.1696959,tr
1,0.19452672,tr
0,0.35546836,it
0,0.1250074,tr
0,0.16866872,tr
0,0.1643497,tr
0,0.12990499,tr
0,0.2472129,it
0,0.15781847,it
0,0.47109067,it
1,0.16984335,it
0,0.38042855,es
0,0.1539885,tr
0,0.21494018,it
0,0.25063828,tr
0,0.26433328,es
0,0.16065256,es
0,0.18278444,it
0,0.2389066,es
0,0.17902823,tr
0,0.16523567,it
1,0.16244656,tr
0,0.62450254,es
0,0.11903091,tr
0,0.23020759,es
0,0.10547684,tr
0,0.16301648,tr
0,0.14760777,it
0,0.18910739,it
0,0.15341787,tr
0,0.18746927,it
1,0.4917455,es
0,0.1315197,tr
0,0.49509543,es
1,0.6683132,it
0,0.23146908,es
1,0.11715151,it
0,0.1730255,es
0,0.18861823,tr
1,0.1697584,tr
0,0.16924812,tr
0,0.11494792,it
0,0.14177927,it
1,0.1900739,tr
0,0.18864867,es
0,0.14330277,tr
0,0.2613422,es
0,0.16267233,it
0,0.21598075,it
0,0.46423265,es
0,0.16909961,it
0,0.27411512,es
0,0.16432415,es
1,0.21503751,it
0,0.1232113,it
0,0.1821027,es
1,0.23995951,tr
0,0.20806661,tr
0,0.18305528,es
1,0.7273316,es
0,0.18756959,tr
0,0.26151785,tr
0,0.16819271,it
0,0.2826722,es
1,0.7248903,es
0,0.17683224,tr
1,0.27258548,es
0,0.15556942,tr
0,0.23609392,it
0,0.24665082,tr
0,0.18413164,es
0,0.17064053,tr
0,0.3025777,es
0,0.25608313,tr
1,0.34941876,es
1,0.09693423,it
0,0.19344968,tr
0,0.31548974,tr
0,0.20546155,tr
0,0.11510082,tr
0,0.15062085,tr
1,0.35892278,es
1,0.23330873,it
0,0.15053463,tr
0,0.24636085,tr
0,0.3247555,es
0,0.1633381,it
0,0.19895637,tr
1,0.22596717,it
0,0.1311808,it
0,0.18511938,tr
0,0.1808145,it
0,0.13034584,tr
0,0.25928953,tr
0,0.29129896,es
1,0.113399066,tr
0,0.61829734,it
1,0.27872315,it
0,0.16632593,it
0,0.2124144,tr
0,0.08624077,tr
0,0.15158634,es
0,0.1028783,tr
0,0.20295085,es
1,0.1123667,tr
0,0.17968169,tr
1,0.2904575,it
0,0.13783222,it
0,0.2298875,it
1,0.26367941,es
0,0.19919153,tr
0,0.22105338,es
1,0.12436939,tr
0,0.21687263,es
0,0.21641676,it
0,0.15078913,tr
1,0.40285763,it
0,0.15246724,tr
0,0.12179302,es
0,0.15499797,tr
0,0.060658235,it
1,0.1379284,tr
0,0.2159847,es
0,0.22071464,es
0,0.14893512,tr
1,0.16751267,es
0,0.12925768,it
0,0.33329684,es
0,0.1710215,it
0,0.16394125,es
0,0.2449719,es
0,0.17134516,es
0,0.1596741,tr
0,0.18844542,es
0,0.11636922,tr
0,0.19255409,es
0,0.26543278,es
1,0.31555697,tr
1,0.16528942,es
0,0.18213867,tr
0,0.3085875,es
0,0.07583224,tr
0,0.15642123,it
0,0.19946748,es
1,0.11971185,tr
1,0.15164627,it
0,0.18952729,it
0,0.13943905,tr
0,0.19528855,es
0,0.28793696,it
0,0.3062862,it
0,0.2161817,it
0,0.26001272,es
0,0.21671295,it
0,0.18478583,it
0,0.14940976,tr
0,0.12977684,tr
1,0.23692307,es
0,0.35371062,es
1,0.79876685,es
1,0.2810464,it
1,0.103689484,tr
0,0.16941726,tr
0,0.34471866,es
0,0.16297647,tr
1,0.65385586,es
0,0.12567419,it
0,0.24628983,tr
0,0.15937775,tr
0,0.2639745,es
0,0.1670828,tr
0,0.16757613,es
0,0.26671413,it
0,0.19432825,es
0,0.20447767,it
0,0.18801998,tr
0,0.34725267,es
0,0.33735394,tr
0,0.12957309,tr
0,0.10850275,tr
0,0.123547964,tr
0,0.19674261,es
0,0.1317274,tr
0,0.29828903,it
1,0.27241153,it
1,0.45139542,es
0,0.17708892,tr
1,0.11411281,tr
1,0.26021713,es
0,0.23275426,es
0,0.18372564,it
0,0.16504446,it
0,0.19666502,es
0,0.16697861,tr
0,0.13722126,it
0,0.2527702,es
0,0.14014976,tr
0,0.26326874,tr
0,0.17842185,it
0,0.16523567,it
0,0.20368941,tr
0,0.268765,it
0,0.23014195,tr
0,0.20698225,it
0,0.12996805,tr
0,0.09866953,tr
0,0.14348866,tr
0,0.14074217,tr
0,0.13706326,tr
0,0.23110218,tr
0,0.14831698,tr
1,0.25511715,es
1,0.31416592,es
0,0.18486008,tr
0,0.19032376,tr
0,0.41953394,es
0,0.25037348,tr
0,0.1350861,tr
0,0.17679553,it
0,0.14465512,it
0,0.40603772,es
0,0.20499808,tr
0,0.17153591,es
0,0.3360899,it
0,0.18421257,tr
0,0.41608056,es
1,0.14139968,tr
0,0.14345151,tr
0,0.31436035,it
0,0.14281864,it
0,0.19902422,tr
0,0.19809401,tr
0,0.19280837,tr
0,0.2617909,es
0,0.13288349,tr
1,0.1898232,tr
0,0.17771229,tr
0,0.2115046,tr
1,0.34291828,es
0,0.17554937,es
0,0.14489901,tr
0,0.18328336,es
0,0.31306142,es
0,0.18569423,it
0,0.19138849,it
0,0.20752549,it
0,0.18807006,it
0,0.15087378,tr
1,0.15003568,tr
0,0.20775329,it
0,0.17881463,es
0,0.16620225,tr
0,0.29999933,es
0,0.21089648,tr
0,0.1981177,tr
0,0.23542482,es
0,0.23019399,tr
1,0.18795347,tr
0,0.32758167,it
1,0.84091187,es
0,0.19363333,tr
0,0.15310955,tr
0,0.19651096,tr
1,0.2922931,tr
0,0.1724939,tr
1,0.1543634,it
0,0.104634464,tr
1,0.16443287,tr
0,0.27983403,it
0,0.15155537,tr
0,0.24262764,es
1,0.28660432,es
1,0.1397003,tr
0,0.41964483,es
0,0.1840376,tr
0,0.2487258,it
0,0.20082316,es
0,0.14808103,tr
1,0.1515089,it
1,0.19066186,tr
1,0.13491376,it
0,0.1181762,it
0,0.24672736,es
0,0.22775407,es
0,0.18549755,tr
0,0.20849821,tr
1,0.16383344,es
1,0.14351268,it
0,0.15695731,it
0,0.18610525,it
0,0.25431344,es
1,0.2687893,it
0,0.23690888,tr
0,0.2615619,tr
0,0.22528036,it
1,0.48856258,es
0,0.23885265,es
0,0.17685592,it
0,0.31335434,es
0,0.19547312,it
0,0.2011548,tr
0,0.23995851,es
1,0.16659272,tr
0,0.18979663,it
0,0.15524533,tr
1,0.1812533,es
0,0.16523567,it
0,0.27525106,it
0,0.23363295,es
0,0.35823336,es
1,0.15959734,it
0,0.20458615,it
0,0.2704916,it
0,0.32826993,it
0,0.22886743,es
0,0.21800537,tr
1,0.43770498,it
0,0.24804303,it
0,0.18155552,tr
0,0.45052192,es
0,0.1435311,it
0,0.41786295,es
0,0.15401022,it
0,0.19191311,es
0,0.16475084,it
0,0.18977542,tr
0,0.23243874,tr
0,0.4093963,es
0,0.19306105,tr
0,0.15693258,it
0,0.14795087,tr
0,0.23400736,it
0,0.2607392,tr
1,0.19137864,es
0,0.13266842,tr
0,0.109274596,tr
1,0.349583,es
0,0.20207423,it
1,0.5245839,es
0,0.1350861,tr
1,0.30494562,it
0,0.11323324,tr
0,0.24940448,it
1,0.15409811,it
0,0.2145799,tr
0,0.18824534,it
0,0.17814612,it
0,0.24586555,it
0,0.16481079,tr
1,0.39449486,es
0,0.31961232,it
0,0.14358042,tr
0,0.16077656,tr
0,0.18763217,tr
0,0.16523567,it
0,0.23733722,tr
1,0.21993099,es
0,0.8882513,es
1,0.5595247,it
0,0.1862676,es
1,0.30278298,it
0,0.15243188,it
0,0.30492297,it
1,0.26269943,it
0,0.12865782,tr
0,0.17373121,tr
0,0.3933186,es
0,0.51019335,it
0,0.2065849,it
1,0.28926578,tr
0,0.22426236,tr
0,0.6002469,es
1,0.16050729,it
1,0.16436775,it
0,0.2721829,es
0,0.16890596,es
0,0.17566781,es
0,0.276003,es
0,0.15585423,tr
0,0.16228563,it
0,0.14927536,tr
0,0.2273771,tr
0,0.16964881,it
0,0.22948599,tr
0,0.121653385,it
0,0.23943338,it
0,0.2284263,it
0,0.1011669,tr
1,0.18748151,tr
0,0.15248404,it
0,0.3607672,es
0,0.20122172,tr
1,0.1767276,it
0,0.57757616,es
0,0.42077956,es
0,0.16492228,es
0,0.12748711,tr
0,0.18567415,tr
0,0.15594319,it
0,0.31030008,es
0,0.18347637,tr
0,0.16726927,tr
0,0.26042235,es
0,0.56413037,es
0,0.27686176,es
0,0.4666673,tr
0,0.16711564,tr
0,0.1599405,tr
0,0.17503439,it
0,0.18284409,tr
0,0.5695079,es
0,0.123821914,tr
0,0.15804215,tr
0,0.20502457,tr
0,0.14506102,tr
0,0.11198553,tr
1,0.34416232,es
0,0.28473127,es
0,0.18992543,tr
0,0.2125221,es
1,0.18238223,tr
0,0.14631633,es
1,0.20141551,it
0,0.21930088,es
1,0.38171852,es
0,0.20669577,it
0,0.37742156,es
0,0.21025711,tr
0,0.117372185,it
1,0.48848647,it
0,0.16838492,it
0,0.37810013,it
0,0.22819681,es
0,0.42786485,it
1,0.20850724,it
0,0.32835388,it
0,0.09178171,tr
0,0.12498674,it
0,0.30233908,it
0,0.4603839,es
0,0.17079861,it
0,0.16782668,tr
0,0.24651866,tr
0,0.13386783,it
1,0.12808095,tr
0,0.24260081,it
0,0.14674525,it
0,0.1789642,it
0,0.11580438,tr
0,0.22080648,it
0,0.13417733,it
0,0.16983975,es
0,0.1754777,tr
0,0.09717604,es
1,0.28574795,it
0,0.36401615,it
0,0.3276281,es
0,0.15990281,tr
0,0.17593186,it
1,0.63940644,tr
0,0.18680096,tr
1,0.64544165,it
1,0.17687201,tr
0,0.19640908,tr
1,0.26190692,es
0,0.851596,es
0,0.1427396,tr
0,0.20868544,tr
0,0.118206464,it
0,0.33283117,tr
0,0.2813716,es
0,0.33995944,it
0,0.18409747,it
0,0.2742506,es
0,0.16417153,tr
1,0.78710496,it
0,0.28099605,tr
0,0.29663756,it
0,0.35074222,es
0,0.14684507,tr
0,0.15254164,it
1,0.3688031,it
0,0.13794315,es
0,0.27914363,it
0,0.12368658,it
0,0.20511003,it
0,0.20237327,it
0,0.12087092,es
0,0.21404432,es
0,0.15442234,tr
1,0.219571,tr
0,0.3207981,it
0,0.11435174,tr
0,0.13562287,es
0,0.24194671,es
1,0.18847041,it
0,0.14555739,tr
0,0.24271691,es
0,0.28595996,es
0,0.27612817,it
0,0.17718227,es
0,0.20799743,it
1,0.16007571,tr
0,0.14302424,tr
0,0.11103921,tr
0,0.16917142,tr
1,0.16369244,tr
0,0.19253233,it
0,0.26624393,tr
0,0.19420993,tr
0,0.16059013,tr
0,0.19429636,tr
0,0.16485457,tr
0,0.14979029,tr
0,0.15448621,it
0,0.1785486,tr
1,0.2581399,tr
0,0.26553234,es
0,0.18574837,it
0,0.25801548,es
0,0.1805759,it
0,0.1679601,es
1,0.15515429,tr
0,0.33837876,es
0,0.13952982,tr
0,0.14933573,tr
0,0.13816905,es
0,0.23854493,tr
1,0.3965855,it
0,0.18135037,tr
0,0.10059176,tr
0,0.12115856,tr
0,0.18706043,tr
0,0.133574,tr
0,0.1592573,tr
0,0.21605738,es
1,0.2955461,es
0,0.4007326,es
1,0.18880732,it
0,0.283017,tr
0,0.16635108,tr
0,0.26694658,es
0,0.29265222,it
0,0.18328175,tr
0,0.09042619,tr
0,0.20774391,tr
0,0.13360488,tr
0,0.18833461,tr
0,0.3117931,es
0,0.1616632,it
0,0.2427529,it
0,0.18804231,it
0,0.17334339,tr
0,0.18928215,tr
0,0.14518335,es
0,0.4481231,es
0,0.21193501,tr
0,0.16747911,tr
0,0.19728805,tr
0,0.2870403,es
0,0.2324169,it
0,0.10834626,tr
0,0.19891094,tr
0,0.21949856,tr
0,0.16523567,it
1,0.1745504,tr
0,0.32604283,es
0,0.15780367,tr
0,0.4623738,it
0,0.14071183,tr
0,0.5173706,it
0,0.13300827,it
0,0.1452638,tr
1,0.4570042,es
1,0.12886952,tr
0,0.21138448,es
0,0.09602903,tr
0,0.15206094,it
0,0.1554743,tr
1,0.16119437,it
0,0.21058005,tr
0,0.1857313,tr
0,0.3118369,es
1,0.1738344,it
0,0.11796211,es
0,0.258481,it
0,0.28345847,es
0,0.13045624,it
0,0.17361227,tr
0,0.18184057,it
0,0.20370318,tr
0,0.14606725,es
0,0.20931908,tr
0,0.22638834,es
0,0.11348947,tr
1,0.46879813,es
0,0.17313908,tr
0,0.19256249,tr
1,0.833715,es
0,0.22979012,it
1,0.4809557,tr
0,0.17741753,tr
0,0.16605268,tr
0,0.24387674,es
0,0.23545933,it
0,0.42727152,es
1,0.2676069,es
0,0.3360247,es
0,0.16965765,es
0,0.20210817,it
0,0.20321965,tr
0,0.14520241,it
0,0.19974758,tr
0,0.34637123,tr
0,0.20883247,it
0,0.20527281,it
1,0.10634166,tr
1,0.16300519,tr
1,0.27314258,es
0,0.23017275,tr
0,0.39856982,es
1,0.20063607,it
0,0.15550096,tr
1,0.4640649,es
1,0.13110298,tr
1,0.21265598,it
0,0.10873862,tr
1,0.3071907,tr
0,0.18661277,tr
0,0.27441123,it
0,0.43098235,tr
0,0.089613095,tr
0,0.6899296,es
0,0.1860967,tr
0,0.6121994,es
0,0.15293185,tr
0,0.25628293,es
1,0.13693786,tr
0,0.21768716,tr
0,0.15354602,it
0,0.18628363,es
0,0.14384118,it
0,0.17839777,tr
0,0.29792878,es
0,0.174871,tr
0,0.1350861,tr
1,0.18326561,tr
0,0.14856063,tr
0,0.1274432,tr
0,0.15276809,tr
1,0.2662919,tr
0,0.3430107,it
1,0.1331727,tr
0,0.17971413,it
0,0.17431343,it
0,0.33906117,es
0,0.4115843,es
0,0.27610824,it
0,0.14398338,es
0,0.19722122,it
1,0.23197141,it
0,0.20161429,it
0,0.31176654,es
0,0.19433668,es
0,0.09555888,tr
0,0.26246172,tr
0,0.09513631,es
0,0.22370753,tr
0,0.14742205,es
0,0.21966985,tr
0,0.11290319,it
0,0.28758714,es
0,0.16609645,tr
0,0.15690896,tr
0,0.28596133,es
0,0.11014488,tr
0,0.21660405,es
0,0.20389952,it
0,0.22383599,tr
0,0.2469623,es
0,0.1770635,tr
0,0.17256819,es
0,0.2427211,es
0,0.10643205,tr
0,0.1357089,tr
0,0.6782681,it
0,0.47005746,it
0,0.1257776,it
0,0.12718749,tr
1,0.21610838,it
1,0.27873167,es
0,0.25458065,es
0,0.21959749,tr
0,0.2292874,es
0,0.20285743,es
0,0.21667567,it
0,0.18915786,tr
0,0.14485674,es
0,0.19232044,es
0,0.17027485,tr
0,0.24277106,tr
1,0.15733899,it
0,0.26312283,es
1,0.3021194,it
0,0.22453946,tr
0,0.12685587,it
0,0.16631481,es
0,0.15984395,es
0,0.18758981,es
0,0.22753736,tr
0,0.28220987,it
0,0.12530564,tr
0,0.1555964,tr
0,0.17902726,tr
0,0.18803541,es
0,0.1644006,tr
0,0.1422767,it
0,0.21808912,tr
0,0.16804105,tr
1,0.5619169,es
0,0.15431514,tr
0,0.13644095,it
0,0.13850223,es
1,0.13292418,it
0,0.1771288,tr
0,0.15958089,tr
0,0.24078809,it
0,0.12963647,tr
0,0.20835584,tr
0,0.2970822,es
0,0.46329427,es
0,0.21294121,es
0,0.09032821,tr
0,0.11516612,it
0,0.18534496,tr
0,0.13245519,tr
0,0.26422566,es
0,0.23797944,tr
0,0.15151264,it
0,0.08726766,tr
0,0.57317114,es
1,0.19330375,it
0,0.17938106,it
0,0.43443027,es
1,0.22417197,es
0,0.15628909,tr
0,0.14721432,tr
0,0.1855395,tr
0,0.19906725,es
1,0.82784843,es
0,0.22442243,tr
0,0.48956156,es
0,0.15212283,it
0,0.11641766,tr
0,0.28440204,es
0,0.22419344,it
0,0.14801396,tr
0,0.27381524,es
0,0.32316217,it
0,0.20302132,it
0,0.13654539,tr
0,0.28133067,es
0,0.17813817,tr
0,0.13562657,it
0,0.1970496,es
0,0.21824405,tr
0,0.18512279,it
1,0.34892297,es
1,0.25470245,tr
0,0.14911619,tr
0,0.17778872,it
0,0.21316256,it
1,0.120973885,it
0,0.11482948,tr
0,0.25877455,it
0,0.21439241,es
0,0.24088633,es
0,0.27086458,es
0,0.17435509,tr
0,0.23600994,it
1,0.26702887,es
0,0.13478725,it
0,0.15237984,tr
0,0.30160984,es
0,0.21403429,tr
0,0.16819072,tr
0,0.18959212,it
0,0.25089407,tr
1,0.25479773,es
0,0.1978417,tr
1,0.38412333,it
0,0.20399486,it
0,0.1299003,it
0,0.22906676,tr
0,0.1736426,tr
0,0.15078159,it
0,0.15204613,tr
0,0.32730594,es
0,0.19586438,tr
0,0.11540946,it
0,0.35031435,tr
0,0.2381367,tr
0,0.14684564,it
0,0.22041239,tr
1,0.11156559,tr
0,0.40548754,tr
0,0.28651878,it
0,0.15559332,it
0,0.28912076,tr
0,0.16844234,es
1,0.36140603,tr
0,0.21065442,it
0,0.15536496,tr
0,0.08635932,es
0,0.4334254,it
0,0.20122238,tr
1,0.2494917,it
0,0.11932738,tr
0,0.16031876,it
0,0.14311199,it
0,0.21033035,es
0,0.10702207,es
1,0.17757072,tr
0,0.108732715,tr
0,0.21656829,tr
0,0.3620224,es
0,0.16243234,tr
0,0.18193728,it
0,0.17798322,es
0,0.17953272,tr
0,0.25848415,es
0,0.1350861,tr
0,0.29461047,it
0,0.19016264,it
0,0.18786474,tr
0,0.18883328,tr
0,0.18680267,tr
0,0.19087747,es
0,0.14921734,it
0,0.25494102,tr
0,0.25337017,it
0,0.1808967,it
0,0.25652874,it
1,0.16680673,it
0,0.1321929,tr
0,0.2041769,it
0,0.4958111,es
0,0.16235572,tr
0,0.20494847,es
0,0.36668175,it
0,0.30452195,es
0,0.22240977,es
0,0.2344609,it
0,0.16643813,tr
0,0.26673946,it
1,0.7497922,es
0,0.1755931,tr
0,0.14031607,it
0,0.20901676,tr
0,0.1350861,tr
0,0.27328396,it
0,0.153982,tr
0,0.15299882,es
0,0.30280703,es
0,0.16351284,it
0,0.15372902,tr
0,0.15089302,tr
0,0.22054435,tr
0,0.36883897,it
0,0.17243354,es
0,0.1869077,it
0,0.33601582,es
1,0.3304411,it
0,0.18118197,tr
1,0.17185292,it
0,0.10011021,it
0,0.17509016,it
0,0.1260763,tr
0,0.13303974,tr
0,0.18746917,it
0,0.13163033,tr
0,0.16620554,tr
0,0.24299863,it
0,0.2985473,es
0,0.14542289,it
0,0.12566926,es
0,0.22008622,it
0,0.18443683,it
0,0.1798033,tr
0,0.3180032,es
0,0.6230248,es
1,0.24877466,it
0,0.2589736,es
0,0.15610531,es
0,0.34653884,it
0,0.25442812,it
0,0.15134382,es
0,0.09552044,tr
0,0.49070248,es
0,0.23211402,it
0,0.25003192,es
0,0.1381109,tr
0,0.22097126,es
0,0.22801629,it
0,0.10114613,tr
1,0.3896718,es
0,0.41537693,es
0,0.16794279,tr
0,0.17777999,it
0,0.1644006,tr
0,0.3505052,it
0,0.23225349,it
0,0.09974052,it
0,0.24779898,tr
0,0.12128357,it
0,0.1953238,it
0,0.17391834,tr
1,0.1883714,tr
0,0.15293828,tr
1,0.2794681,it
0,0.22345562,es
0,0.27708843,es
0,0.16850966,tr
0,0.223657,it
0,0.19691841,tr
0,0.24548548,it
0,0.19221887,es
0,0.17286512,it
0,0.2877237,es
1,0.59920543,it
0,0.38653645,es
0,0.3011913,it
0,0.3403233,es
1,0.3614659,es
0,0.10337544,tr
0,0.20265828,es
1,0.18931289,es
0,0.13064758,tr
0,0.13495891,it
0,0.14013222,tr
0,0.26917553,tr
0,0.27312845,es
0,0.16083966,es
0,0.17504288,es
0,0.14918223,tr
1,0.19144651,it
0,0.18556416,tr
0,0.1574021,tr
0,0.9171693,it
0,0.14802317,tr
0,0.20631918,tr
0,0.43337977,es
0,0.19271715,tr
1,0.31931084,es
0,0.16191758,es
0,0.23945832,es
0,0.18537836,tr
0,0.6142676,es
0,0.2578061,es
0,0.1435591,tr
0,0.2384004,tr
0,0.15465583,es
0,0.16523567,it
0,0.13171427,tr
0,0.18857405,it
0,0.15849312,tr
0,0.25072142,tr
0,0.22865856,it
0,0.1699806,tr
0,0.21424446,tr
0,0.20416906,tr
0,0.11073189,it
0,0.22994125,it
0,0.13779798,tr
1,0.22031046,es
0,0.17102386,it
0,0.14505553,it
0,0.66658676,es
1,0.24684934,es
0,0.21632113,tr
0,0.14411615,tr
0,0.1990953,it
0,0.4892209,es
0,0.13026142,tr
0,0.21085584,es
0,0.20997006,tr
0,0.40946567,es
0,0.1350861,tr
0,0.18284127,es
0,0.20944765,tr
0,0.20253535,es
0,0.21334353,es
1,0.18234046,it
0,0.18860151,it
0,0.23357685,es
0,0.11634623,it
0,0.2802305,it
1,0.23854178,es
0,0.20397635,it
0,0.70652074,es
0,0.17033334,es
0,0.11198553,tr
1,0.18550812,es
0,0.30175802,es
0,0.1846476,it
0,0.08197728,it
0,0.35920012,es
0,0.07725129,tr
0,0.19151498,tr
0,0.14568913,tr
0,0.120299235,tr
0,0.18537918,tr
0,0.19134746,es
0,0.13078417,tr
0,0.12674497,tr
0,0.17361616,tr
0,0.26190585,es
0,0.18113264,it
0,0.19797015,it
0,0.2280893,it
0,0.20742871,it
1,0.20693396,es
0,0.21937269,tr
0,0.15175483,tr
0,0.13827176,it
0,0.12276846,tr
0,0.18685003,tr
0,0.18378352,tr
0,0.16723342,tr
0,0.21202599,es
0,0.19486552,tr
0,0.15625334,tr
0,0.19049938,es
0,0.24337566,es
0,0.20909536,it
0,0.14063516,it
0,0.15991442,it
0,0.156641,tr
0,0.18145223,tr
0,0.21068464,es
0,0.2865735,tr
0,0.2495875,it
0,0.1967707,es
0,0.17259811,it
0,0.12565754,tr
0,0.14196886,tr
0,0.17158988,es
1,0.1582751,it
0,0.1638516,tr
0,0.15816316,tr
0,0.19115391,es
0,0.23986904,it
0,0.21593352,it
0,0.15204613,tr
0,0.14604671,it
0,0.21088621,it
0,0.1626965,it
0,0.12105637,tr
0,0.29427457,es
0,0.23160173,es
0,0.15155537,tr
1,0.22698121,it
0,0.15197848,tr
0,0.12843685,tr
0,0.16455181,it
0,0.18136172,tr
0,0.1796383,tr
0,0.19465198,tr
0,0.31605762,es
0,0.29420123,es
0,0.23245579,es
1,0.22589341,it
0,0.098692134,tr
0,0.26661384,tr
0,0.18351048,tr
0,0.25533655,it
0,0.2338877,es
1,0.28556076,es
0,0.17368843,tr
0,0.21339522,es
1,0.33479008,es
0,0.21746391,tr
1,0.51786035,tr
0,0.32565802,es
0,0.19514418,tr
1,0.16453415,es
0,0.13323593,tr
0,0.2033576,tr
0,0.20784992,tr
0,0.12881356,tr
0,0.18375142,tr
0,0.33482614,tr
1,0.28049946,tr
1,0.09852798,tr
1,0.3351366,it
0,0.1525944,tr
0,0.20141153,es
0,0.12676305,it
0,0.17087281,tr
1,0.2500875,it
0,0.15433349,tr
0,0.1688438,it
0,0.1858232,es
0,0.2758372,tr
0,0.15922153,it
0,0.27440324,es
0,0.2235093,es
0,0.14721254,it
1,0.20044068,es
0,0.14569843,it
0,0.23025723,tr
0,0.14041822,it
0,0.42724937,es
0,0.2696572,it
0,0.19236954,tr
1,0.14460464,tr
0,0.14096741,tr
0,0.19567615,it
0,0.18189445,tr
0,0.26173154,tr
0,0.19873303,tr
0,0.14182436,tr
0,0.38449627,es
0,0.26113003,tr
0,0.12260843,it
0,0.14404736,it
0,0.14177045,it
0,0.118417054,tr
0,0.27068326,it
0,0.20519584,it
1,0.20128216,it
0,0.16929926,es
0,0.22890285,it
1,0.338078,it
0,0.18670754,tr
0,0.19400324,it
0,0.27106863,es
0,0.15063961,it
1,0.14580214,es
0,0.3885845,es
0,0.17278513,tr
0,0.13458003,tr
0,0.20818359,it
0,0.1586882,tr
0,0.11625967,it
0,0.10082552,tr
0,0.33488646,es
0,0.15851082,tr
0,0.17198661,tr
0,0.1612761,tr
0,0.22050567,it
0,0.24312945,it
0,0.21793705,it
0,0.14573926,es
0,0.2844273,it
0,0.21245846,tr
0,0.13666861,it
0,0.19517191,it
0,0.17751247,es
1,0.1702185,tr
1,0.27279827,tr
1,0.34828782,it
0,0.38435522,es
0,0.25882736,es
0,0.17120852,tr
1,0.17692064,es
0,0.16846213,es
0,0.20331104,tr
1,0.30144766,es
0,0.13339634,tr
0,0.1601291,tr
0,0.3455484,es
0,0.23076817,it
0,0.2716302,it
0,0.46954855,es
1,0.19809152,it
0,0.24846701,it
0,0.17154981,tr
0,0.2008398,it
0,0.19061525,tr
0,0.20684224,tr
0,0.47144672,it
0,0.28326192,es
0,0.09729608,tr
1,0.34847236,es
0,0.18652852,es
0,0.18247801,es
0,0.24150954,es
0,0.13094974,it
0,0.2568238,it
0,0.2456827,es
0,0.1339395,es
0,0.08772606,tr
0,0.1564244,tr
1,0.23317519,it
0,0.13670193,tr
0,0.18677503,tr
0,0.08064166,tr
1,0.30596653,tr
1,0.55990314,it
0,0.2748886,tr
0,0.22254534,es
1,0.17673999,it
0,0.17509246,es
0,0.18062085,tr
0,0.13898721,tr
0,0.22786294,tr
0,0.3877571,es
0,0.19383422,tr
0,0.7044685,it
0,0.25175962,it
0,0.14012162,tr
0,0.1423604,es
0,0.16061369,it
0,0.10668531,tr
0,0.3176963,es
0,0.315479,es
0,0.110872984,it
0,0.13816683,tr
0,0.15636519,tr
1,0.16755441,it
0,0.16895719,tr
0,0.16457465,es
0,0.16242376,tr
0,0.20321776,it
0,0.2986124,tr
0,0.14809303,it
0,0.20321618,es
0,0.29273227,it
0,0.16417739,es
0,0.134349,tr
0,0.16523567,it
0,0.12670009,tr
0,0.3887191,es
1,0.18849242,es
0,0.2491296,es
0,0.2003376,tr
1,0.17526254,es
0,0.28434706,es
0,0.7677563,es
0,0.31457078,es
1,0.5796863,es
0,0.17938237,it
0,0.26092857,tr
0,0.13034584,tr
0,0.1989841,it
0,0.16707122,tr
0,0.21528947,it
0,0.362392,es
0,0.18663514,it
0,0.21021083,tr
1,0.7855245,es
0,0.108837254,it
0,0.21547402,it
0,0.464918,es
0,0.15899672,it
0,0.29740724,es
0,0.20081167,it
0,0.15415525,es
0,0.18969797,es
0,0.13327439,tr
0,0.18802686,es
1,0.15850182,tr
0,0.22129242,es
0,0.10728556,es
0,0.19555327,tr
0,0.1873965,tr
1,0.3281394,it
0,0.16991523,tr
1,0.1818228,it
1,0.5109365,es
0,0.122188486,it
0,0.31446797,es
0,0.23599945,it
0,0.19405128,tr
0,0.20131437,tr
0,0.20111975,tr
0,0.1400901,tr
0,0.14253832,es
0,0.14168817,it
0,0.18291749,tr
0,0.13206734,tr
0,0.4307672,es
0,0.20593967,tr
0,0.07704566,tr
0,0.1813679,es
0,0.235794,es
0,0.27324924,es
0,0.45696878,es
0,0.16244653,tr
1,0.40487373,es
0,0.14769426,tr
0,0.18764059,it
1,0.14393489,it
0,0.1467222,tr
0,0.21650895,es
0,0.14669679,it
0,0.20788547,it
0,0.17525786,es
0,0.37491238,es
0,0.13336064,tr
1,0.21132605,it
0,0.108430885,it
0,0.13637003,es
0,0.3463504,it
0,0.23271815,it
0,0.26550463,tr
0,0.20647722,es
1,0.15265769,es
0,0.2564192,tr
1,0.5454938,tr
0,0.2829384,es
0,0.14906615,it
0,0.14870472,it
0,0.28458676,es
0,0.16269808,tr
0,0.17397442,tr
0,0.20103972,tr
0,0.13544329,tr
0,0.5387843,es
0,0.17520839,it
0,0.16717017,tr
1,0.18769991,tr
0,0.18047312,tr
1,0.12074411,it
0,0.2724827,it
1,0.23245399,es
0,0.23840924,it
0,0.15330724,tr
1,0.31225535,it
0,0.2421585,it
0,0.08714657,tr
0,0.13569893,tr
0,0.26466116,it
0,0.15207866,tr
0,0.14177658,tr
1,0.27683714,it
0,0.16854261,tr
0,0.21271732,tr
0,0.48949975,it
0,0.2590909,es
1,0.1445638,tr
0,0.122280695,tr
0,0.10804569,tr
0,0.17589118,tr
0,0.23702718,it
0,0.141992,tr
0,0.39739674,it
1,0.16118157,es
0,0.12448802,it
0,0.19507536,tr
0,0.22066416,tr
0,0.49917892,es
1,0.085730426,es
0,0.14948446,tr
0,0.22848776,tr
0,0.19799379,tr
0,0.20845614,it
0,0.11716081,tr
0,0.27250022,es
0,0.12668109,tr
0,0.16220997,tr
0,0.20424719,es
1,0.37301788,es
0,0.253516,es
0,0.23541194,it
0,0.24053858,es
0,0.16119984,it
0,0.17996298,it
0,0.32105258,tr
0,0.23920003,es
0,0.10816098,it
0,0.14870363,tr
0,0.22729225,tr
0,0.28059632,it
0,0.36345977,it
0,0.22259693,es
1,0.16121802,tr
0,0.22365634,tr
1,0.15815406,tr
0,0.14122368,tr
0,0.16250226,es
0,0.16102326,tr
0,0.18881775,it
0,0.3238123,it
0,0.1541829,it
0,0.19649448,es
0,0.25473124,it
0,0.14802423,es
1,0.13686548,tr
0,0.2407449,es
0,0.2865008,es
0,0.17246883,it
0,0.19077042,es
0,0.21222712,es
0,0.2009175,es
1,0.2392703,it
1,0.28221264,es
0,0.15160409,tr
1,0.23721592,es
0,0.24216194,it
0,0.20097962,it
0,0.16898991,tr
0,0.12979317,tr
0,0.3896634,es
0,0.15155537,tr
0,0.40889004,es
0,0.16105916,it
0,0.181233,it
1,0.16448566,es
0,0.11493725,it
0,0.21639198,tr
0,0.36501467,tr
0,0.29208815,es
0,0.36639202,es
1,0.33747017,it
0,0.19645517,it
0,0.24110927,es
0,0.19749556,es
0,0.17805998,it
0,0.57204044,es
0,0.24138984,es
0,0.1643901,tr
0,0.09783675,it
0,0.1350861,tr
0,0.406582,it
0,0.85109496,es
0,0.104856774,tr
0,0.47767416,it
0,0.16821663,es
0,0.14128307,it
1,0.49673304,it
0,0.13806546,tr
0,0.19085191,es
0,0.51735574,es
0,0.14387386,tr
0,0.11515167,es
1,0.216013,it
0,0.15192759,it
0,0.13050154,tr
0,0.1577297,es
0,0.43825722,es
0,0.31702062,es
0,0.20535421,tr
0,0.15443446,es
0,0.14722413,it
0,0.17648354,es
0,0.50410265,es
0,0.25370997,it
1,0.21329449,it
0,0.105436735,it
0,0.2486052,tr
1,0.20967695,es
0,0.15657532,tr
0,0.16167574,tr
1,0.16238791,tr
0,0.14359125,it
1,0.2730009,tr
0,0.16712706,it
0,0.2074029,tr
0,0.1966967,it
0,0.25391546,it
0,0.20495513,it
0,0.11956648,it
0,0.22968176,it
1,0.27628136,es
0,0.22939304,it
0,0.25128177,it
0,0.15920162,tr
0,0.45857045,es
0,0.21111116,tr
0,0.22015454,it
0,0.16391817,tr
0,0.38602012,es
0,0.36178637,es
0,0.17259143,it
0,0.1878535,es
0,0.120294124,tr
0,0.14668863,tr
0,0.30989712,es
0,0.13560432,tr
0,0.24957521,es
0,0.18434699,tr
0,0.19474562,tr
0,0.15936387,tr
0,0.16408059,tr
0,0.16713557,tr
0,0.21544097,es
0,0.34652713,es
0,0.19179131,es
0,0.14522567,tr
0,0.15803315,tr
0,0.1709989,tr
0,0.14155176,tr
0,0.28481838,es
0,0.1363821,tr
0,0.17882808,it
0,0.24196374,it
1,0.34988022,it
0,0.18054718,tr
1,0.25956616,es
0,0.16355339,tr
0,0.16609181,it
0,0.18641658,tr
0,0.4735658,es
0,0.15257943,tr
0,0.20673312,tr
0,0.17955269,tr
0,0.13466252,it
0,0.20198166,es
0,0.23084068,it
1,0.40005624,it
0,0.17873842,tr
0,0.32367602,tr
1,0.38164315,es
0,0.31682497,it
0,0.1457226,es
0,0.13409051,tr
0,0.19782121,tr
0,0.2109689,es
0,0.22076814,it
1,0.14301424,es
1,0.16455567,tr
0,0.33825392,es
0,0.09574122,it
